#doc name topic proportion ...
0	org.apache.hadoop.chukwa.ChukwaArchive	2	0.3511409382833478	1	0.29691232275759116	0	0.2641078332058057	3	0.0874144315666202	4	4.244741866351247E-4	
1	org.apache.hadoop.chukwa.PARSEDOUBLE	1	0.5361984635322586	3	0.3755941391550032	0	0.08589428882280448	4	0.0012043143212456667	2	0.0011087941686880609	
2	org.apache.hadoop.chukwa.RecordMerger	1	0.7045651246191476	2	0.2925953568005362	3	0.001130401236755763	4	0.001007266069075746	0	7.018512744845203E-4	
3	org.apache.hadoop.chukwa.TimePartition	1	0.6483596260881679	3	0.3208784011992988	4	0.02867180257520301	2	0.0011897496220018926	0	9.004205153284295E-4	
4	org.apache.hadoop.chukwa.pig.ChukwaLoader	2	0.5668919721352131	1	0.2114129021127044	0	0.165656760127913	3	0.055604792891812325	4	4.3357273235713676E-4	
5	org.apache.hadoop.chukwa.pig.ChukwaStorer	2	0.7420194887697773	0	0.22562820691918098	1	0.03149514907608613	3	4.532647971189656E-4	4	4.0389043783670326E-4	
6	org.apache.hadoop.chukwa.tools.PigMover	0	0.9694091292077638	3	0.029110357177496587	4	6.692426144288324E-4	2	6.161616574888104E-4	1	1.9510934282188362E-4	
7	org.apache.hadoop.chukwa.PigTest	3	0.5543056089938296	0	0.4116167552101043	2	0.032632818838345824	4	0.0011186798040365132	1	3.2613715368373034E-4	
8	org.apache.hadoop.chukwa.TestArchiveReader	0	0.6324258589565289	3	0.15612336472790994	2	0.11482756617650562	1	0.09629888200378459	4	3.2432813527103756E-4	
9	org.apache.hadoop.chukwa.TestLocalChukwaStorage	0	0.5749908613550251	2	0.36402932761547435	3	0.03850487529964624	1	0.022190368803369966	4	2.8456692648443793E-4	
10	org.apache.hadoop.chukwa.TestParseDouble	3	0.6352578395534951	1	0.36112891170520256	4	0.0013804337993412457	2	0.0012709447359110571	0	9.618702060500998E-4	
11	org.apache.hadoop.chukwa.TestRecordMerger	3	0.47120315894199405	1	0.34117167110889546	2	0.18541230981561682	4	0.001304146222889275	0	9.087139106044677E-4	
12	org.apache.hadoop.chukwa.TestTimePartition	1	0.7437389901352164	3	0.10001003430517562	0	0.08315577305178855	4	0.0723772356576949	2	7.179668501244711E-4	
13	org.apache.hadoop.chukwa.util.GenerateTestFile	2	0.7279219792249848	0	0.2715765717205151	3	2.3313997805732558E-4	4	2.077439245521161E-4	1	6.056515189068646E-5	
14	edu.berkeley.chukwa_xtrace.CausalGraph	2	0.6640489020165715	1	0.12153439885965915	0	0.1195606189344105	4	0.09033549093983714	3	0.004520589249521738	
15	edu.berkeley.chukwa_xtrace.XtrAdaptor	4	0.9396284600366623	2	0.05920223331151936	3	6.217510116258582E-4	0	3.860370333405189E-4	1	1.6151860685192703E-4	
16	edu.berkeley.chukwa_xtrace.XtrExtract	2	0.8132490823156276	0	0.09865781915125707	4	0.0815259117978078	3	0.006502644328043701	1	6.454240726374778E-5	
17	edu.berkeley.chukwa_xtrace.TestXtrAdaptor	4	0.9606025818785163	1	0.026734147504133374	3	0.011448758034362351	2	6.913149607868799E-4	0	5.231976222010392E-4	
18	org.apache.hadoop.chukwa.ChukwaArchiveKey	2	0.9994846151721092	3	1.8594293311124913E-4	4	1.656880771334908E-4	0	1.1544952388770001E-4	1	4.830429375829093E-5	
19	org.apache.hadoop.chukwa.Chunk	4	0.7135412525700213	2	0.2302964233270842	3	0.055317131384094914	0	5.958767763795726E-4	1	2.493159424198274E-4	
20	org.apache.hadoop.chukwa.ChunkBuilder	4	0.5192210790237197	2	0.39484361660523987	3	0.08448621999101424	0	0.0010216317649997654	1	4.274526150263975E-4	
21	org.apache.hadoop.chukwa.ChunkImpl	4	0.6014177870768636	2	0.38840914681262917	3	0.009841904487775333	0	2.3347517770211807E-4	1	9.768644502997236E-5	
22	org.apache.hadoop.chukwa.analysis.salsa.fsm.DataNodeClientTraceMapper	2	0.993236932166025	4	0.003261784120222688	1	0.0031090012766116968	3	2.4201716159803944E-4	0	1.5026527554251997E-4	
23	org.apache.hadoop.chukwa.analysis.salsa.fsm.FSMBuilder	2	0.9328799602867989	0	0.06485651841268582	1	0.0019730688796647656	3	1.5359161589483333E-4	4	1.368608049557602E-4	
24	org.apache.hadoop.chukwa.analysis.salsa.fsm.FSMIntermedEntry	2	0.9251649719524001	1	0.07258040473095172	0	0.0017704020248290478	3	2.560568455355928E-4	4	2.2816444628350865E-4	
25	org.apache.hadoop.chukwa.analysis.salsa.fsm.FSMIntermedEntryPartitioner	2	0.9714805403833454	4	0.013340909087357328	0	0.012839191175861788	3	0.0018569583324087302	1	4.824010210267613E-4	
26	org.apache.hadoop.chukwa.analysis.salsa.fsm.FSMType	2	0.9783623910478355	3	0.017408555906342226	4	0.002126941589280468	0	0.0014820281463073586	1	6.200833102345348E-4	
27	org.apache.hadoop.chukwa.analysis.salsa.fsm.HDFSState	2	0.7493138764073117	3	0.20351789101609294	0	0.030165816021323937	4	0.016409072194052812	1	5.933443612185599E-4	
28	org.apache.hadoop.chukwa.analysis.salsa.fsm.JobHistoryTaskDataMapper	2	0.9974879481693143	0	0.0022625042849268497	3	1.1602277204507707E-4	4	1.0338435391005008E-4	1	3.0140419803765988E-5	
29	org.apache.hadoop.chukwa.analysis.salsa.fsm.MapRedState	2	0.8244705061993947	3	0.17185274703109485	4	0.0018491670670930725	0	0.0012884780919553427	1	5.391016104620246E-4	
30	org.apache.hadoop.chukwa.analysis.salsa.fsm.ParseUtilities	2	0.8318639531513341	1	0.14840142727621125	4	0.01761600883004096	3	0.001307068861271372	0	8.1154188114229E-4	
31	org.apache.hadoop.chukwa.analysis.salsa.fsm.StateType	2	0.9762190205588278	3	0.019133006379053033	4	0.002337631404610109	0	0.0016288343576450473	1	6.815072998639366E-4	
32	org.apache.hadoop.chukwa.analysis.salsa.fsm.TaskTrackerClientTraceMapper	2	0.9992554858591598	3	2.686092713617085E-4	4	2.393495301352598E-4	0	1.6677596707575642E-4	1	6.977937226736956E-5	
33	org.apache.hadoop.chukwa.analysis.salsa.visualization.Heatmap	1	0.9971238951459453	0	0.0026520010631603075	3	8.265048056950539E-5	4	7.364732270587069E-5	2	6.780598761899102E-5	
34	org.apache.hadoop.chukwa.analysis.salsa.visualization.Swimlanes	1	0.999776723850746	3	6.700259611263668E-5	4	5.9703970068131936E-5	2	5.496855155770192E-5	0	4.160103151549022E-5	
35	org.apache.hadoop.chukwa.conf.ChukwaConfiguration	0	0.644920126211872	3	0.2432048694244126	4	0.11092969126672023	2	7.179668501244711E-4	1	2.273462468706555E-4	
36	org.apache.hadoop.chukwa.database.Aggregator	1	0.7099859973296799	0	0.19713428380321388	3	0.09192405508022626	4	4.975640311917845E-4	2	4.580997556881459E-4	
37	org.apache.hadoop.chukwa.database.DataExpiration	1	0.8515645211583844	3	0.14315517064461966	2	0.004354734179913993	4	5.454858353275782E-4	0	3.8008818175441176E-4	
38	org.apache.hadoop.chukwa.database.DatabaseConfig	1	0.7982110491279194	0	0.12879214449112494	3	0.07251765205200451	4	2.494705384351257E-4	2	2.2968379051594164E-4	
39	org.apache.hadoop.chukwa.database.Macro	1	0.9974101069531244	2	0.0019140157653735744	3	2.6906410128862425E-4	4	2.3975481521252786E-4	0	1.6705836500093536E-4	
40	org.apache.hadoop.chukwa.database.MetricsAggregation	1	0.8398878704399643	3	0.0885539860591051	4	0.05620444410784322	0	0.014970924905222569	2	3.827744878649033E-4	
41	org.apache.hadoop.chukwa.database.TableCreator	1	0.8245364518226721	3	0.13538026148162757	0	0.03627014110952077	2	0.0033886713995444333	4	4.244741866351247E-4	
42	org.apache.hadoop.chukwa.datacollection.ChunkQueue	4	0.847626806903974	3	0.1368002046597059	2	0.01385743287873486	0	0.0012094989611435164	1	5.060565964416993E-4	
43	org.apache.hadoop.chukwa.datacollection.ChunkReceiver	4	0.7306517004197297	3	0.26430262042958313	2	0.0024334492775331144	0	0.001841671232317883	1	7.705586408360628E-4	
44	org.apache.hadoop.chukwa.datacollection.DataFactory	4	0.7962402113250256	0	0.17904210647917568	3	0.024138929151653096	2	4.3956388780185316E-4	1	1.3918915634377854E-4	
45	org.apache.hadoop.chukwa.datacollection.OffsetStatsManager	4	0.7797620581764803	2	0.15614881099839362	1	0.06359341167744798	3	3.0583204781065905E-4	0	1.8988709986744222E-4	
46	org.apache.hadoop.chukwa.datacollection.adaptor.AbstractAdaptor	4	0.9758458461969247	0	0.02086748741539301	3	0.0015799954716929257	2	0.0012962193644062137	1	4.1045155158309863E-4	
47	org.apache.hadoop.chukwa.datacollection.adaptor.AbstractWrapper	4	0.9558345308352304	3	0.04230863351138024	2	8.955217413344202E-4	0	6.777444034513578E-4	1	2.835695086035771E-4	
48	org.apache.hadoop.chukwa.datacollection.adaptor.Adaptor	4	0.9193720156976735	3	0.04444531689360642	2	0.03557043157914075	0	4.316377843765854E-4	1	1.8059804520272928E-4	
49	org.apache.hadoop.chukwa.datacollection.adaptor.AdaptorException	3	0.6462792711729217	4	0.34751700810447606	2	0.0029919539589389347	0	0.0022643560256096003	1	9.474107380537705E-4	
50	org.apache.hadoop.chukwa.datacollection.adaptor.AdaptorShutdownPolicy	4	0.9926720741222784	3	0.002712980096990287	2	0.002225713554229045	0	0.0016844536937950787	1	7.047785327071798E-4	
51	org.apache.hadoop.chukwa.datacollection.adaptor.DirTailingAdaptor	4	0.5025438775101231	0	0.4875606036171485	3	0.009385548153534814	2	3.8732359900548006E-4	1	1.2264712018815997E-4	
52	org.apache.hadoop.chukwa.datacollection.adaptor.ExecAdaptor	4	0.49658127624014203	3	0.38903246633562477	0	0.08099529374959585	2	0.02728977531198353	1	0.006101188362653896	
53	org.apache.hadoop.chukwa.datacollection.adaptor.FileAdaptor	4	0.8541453557542575	0	0.1385465847032818	2	0.006970241950673197	3	2.681559765422635E-4	1	6.966161524508746E-5	
54	org.apache.hadoop.chukwa.datacollection.adaptor.JMXAdaptor	3	0.5629441787946576	4	0.34334948703572776	1	0.0776275921390838	0	0.009333332073038993	2	0.006745409957491657	
55	org.apache.hadoop.chukwa.datacollection.adaptor.MemBuffered	4	0.9935204366287558	3	0.005254101759171914	2	5.91020274076669E-4	0	4.4729308579920463E-4	1	1.87148252196466E-4	
56	org.apache.hadoop.chukwa.datacollection.adaptor.NotifyOnCommitAdaptor	3	0.5215303666416469	4	0.4718071796398612	2	0.003213193448032529	0	0.002431793418399405	1	0.0010174668520599953	
57	org.apache.hadoop.chukwa.datacollection.adaptor.OozieAdaptor	4	0.6562916285593225	3	0.28675300079935007	1	0.04660460240626353	2	0.007661736601379601	0	0.0026890316336842736	
58	org.apache.hadoop.chukwa.datacollection.adaptor.RegExDirTailingAdaptor	3	0.36774989125969937	0	0.3408435280882031	4	0.2761051689871394	2	0.014762310054496103	1	5.391016104620246E-4	
59	org.apache.hadoop.chukwa.datacollection.adaptor.RestAdaptor	3	0.5084898141328124	4	0.42973584686939154	1	0.06095514898488152	2	4.6629266718823363E-4	0	3.528973457264349E-4	
60	org.apache.hadoop.chukwa.datacollection.adaptor.SocketAdaptor	4	0.8588984839527034	3	0.14037406102265132	2	3.50839768303537E-4	0	2.6552084500101235E-4	1	1.1109441134079024E-4	
61	org.apache.hadoop.chukwa.datacollection.adaptor.SyslogAdaptor	4	0.7187988547196962	1	0.12051552460705416	2	0.109214097240855	0	0.0508546002275279	3	6.1692320486686E-4	
62	org.apache.hadoop.chukwa.datacollection.adaptor.UDPAdaptor	4	0.9785098366555675	1	0.012792312298693256	2	0.0070837637557322605	3	9.958050310547065E-4	0	6.182822589523144E-4	
63	org.apache.hadoop.chukwa.datacollection.adaptor.WriteaheadBuffered	4	0.9175228725958658	0	0.08107397107986011	3	6.745377768607773E-4	2	5.533869837320572E-4	1	1.7523156368117054E-4	
64	org.apache.hadoop.chukwa.datacollection.adaptor.filetailer.CharFileTailingAdaptorUTF8	4	0.903087786447354	2	0.08032256610018716	0	0.015145036852251426	3	0.0011467163807909293	1	2.978942194163882E-4	
65	org.apache.hadoop.chukwa.datacollection.adaptor.filetailer.CharFileTailingAdaptorUTF8NewLineEscaped	4	0.8591732262501334	2	0.13917179609535704	3	8.799950203904483E-4	0	5.463773450687697E-4	1	2.2860528905038456E-4	
66	org.apache.hadoop.chukwa.datacollection.adaptor.filetailer.FileTailer	4	0.9667862992769716	3	0.021485169846936842	0	0.010841820406550804	2	6.734580583007349E-4	1	2.1325241124005575E-4	
67	org.apache.hadoop.chukwa.datacollection.adaptor.filetailer.FileTailingAdaptor	4	0.8781635514599322	0	0.11906200383827728	2	0.0023570280428807373	3	3.3134086121072785E-4	1	8.607579769902976E-5	
68	org.apache.hadoop.chukwa.datacollection.adaptor.filetailer.FileTailingAdaptorPreserveLines	4	0.9345852737435424	2	0.06278341042266464	3	0.0013991396346063935	0	8.687074145005326E-4	1	3.6346878468599547E-4	
69	org.apache.hadoop.chukwa.datacollection.adaptor.filetailer.LWFTAdaptor	4	0.8526759796543101	0	0.08961430176922303	2	0.05352344935969796	3	0.004107727107651022	1	7.854210911780418E-5	
70	org.apache.hadoop.chukwa.datacollection.adaptor.filetailer.RCheckFTAdaptor	4	0.737791010895256	0	0.2478630213180044	2	0.01380722566357546	3	4.276477118233109E-4	1	1.1109441134079024E-4	
71	org.apache.hadoop.chukwa.datacollection.adaptor.filetailer.TerminatorThread	4	0.8454240310718244	0	0.09961457171143327	3	0.04723140376363336	2	0.007457649174641099	1	2.723442784678078E-4	
72	org.apache.hadoop.chukwa.datacollection.adaptor.jms.JMSAdaptor	1	0.6641871883620243	4	0.33227289704047314	3	0.001717983359678568	0	0.0016286797473433726	2	1.9325149048053696E-4	
73	org.apache.hadoop.chukwa.datacollection.adaptor.jms.JMSMessagePropertyTransformer	1	0.7999415157041806	3	0.0996260891719784	4	0.05766670361369504	2	0.04238994602212814	0	3.757454880178322E-4	
74	org.apache.hadoop.chukwa.datacollection.adaptor.jms.JMSMessageTransformer	1	0.3912132250485891	3	0.34786898483630285	4	0.2583609120188086	2	0.001455405325263481	0	0.0011014727710360215	
75	org.apache.hadoop.chukwa.datacollection.adaptor.jms.JMSTextMessageTransformer	1	0.5114618327465631	3	0.39389055764815467	4	0.07430440035573795	2	0.019442788734215864	0	9.004205153284295E-4	
76	org.apache.hadoop.chukwa.datacollection.adaptor.sigar.SigarRunner	2	0.9144594805206024	4	0.08511757441508813	3	2.248909823505937E-4	0	1.3963185588494113E-4	1	5.842222607381522E-5	
77	org.apache.hadoop.chukwa.datacollection.adaptor.sigar.SystemMetrics	4	0.6067911310824687	3	0.28973591870795845	2	0.10268041127151942	0	5.587548698163506E-4	1	2.3378406823694272E-4	
78	org.apache.hadoop.chukwa.datacollection.agent.AdaptorFactory	4	0.7112911106103567	3	0.2720852690346355	2	0.015598955964311153	0	7.224076833819997E-4	1	3.02256707314566E-4	
79	org.apache.hadoop.chukwa.datacollection.agent.AdaptorManager	4	0.9096107517307916	1	0.04739342921383155	0	0.02758725092291501	2	0.014339034914325467	3	0.0010695332181363587	
80	org.apache.hadoop.chukwa.datacollection.agent.AdaptorResetThread	4	0.9521925434010735	2	0.04698775125068035	3	4.358588302859768E-4	0	2.706190205607854E-4	1	1.1322749739933615E-4	
81	org.apache.hadoop.chukwa.datacollection.agent.AgentControlSocketListener	4	0.979827406301329	2	0.012585120657536053	3	0.0073404796708525935	0	1.7413497536984196E-4	1	7.285839491239131E-5	
82	org.apache.hadoop.chukwa.datacollection.agent.ChukwaAgent	4	0.8603267194761313	3	0.08967816829846086	0	0.049893282476847337	2	7.733986131736385E-5	1	2.4489887243333557E-5	
83	org.apache.hadoop.chukwa.datacollection.agent.MemLimitQueue	4	0.9000946360677161	3	0.08880344513671082	2	0.010626857341350642	0	3.349272676252295E-4	1	1.4013418659714766E-4	
84	org.apache.hadoop.chukwa.datacollection.agent.NonBlockingMemLimitQueue	4	0.8952446322332339	3	0.08450054673627204	2	0.019802778291011094	0	3.1869864043729436E-4	1	1.333440990456188E-4	
85	org.apache.hadoop.chukwa.datacollection.agent.WaitingQueue	4	0.9815369174561781	3	0.008808196403573778	0	0.008350331807525428	2	9.908111588196153E-4	1	3.137431739030187E-4	
86	org.apache.hadoop.chukwa.datacollection.agent.metrics.AgentActivityMBean	3	0.8450760064049504	4	0.1518016814722125	2	0.00150584053259038	0	0.0011396428990462916	1	4.7682869120040913E-4	
87	org.apache.hadoop.chukwa.datacollection.agent.metrics.AgentMetrics	3	0.6107296126927944	4	0.24757416595359197	2	0.14101878178468355	0	4.776076479922866E-4	1	1.9983192093773328E-4	
88	org.apache.hadoop.chukwa.datacollection.agent.metrics.ChunkQueueActivityMBean	3	0.7944431183327126	4	0.2025391453317574	2	0.001455405325263481	0	0.0011014727710360215	1	4.608582392304804E-4	
89	org.apache.hadoop.chukwa.datacollection.agent.metrics.ChunkQueueMetrics	3	0.6719211961481963	4	0.20863745522259639	2	0.11405336853467113	0	0.005192870751714169	1	1.9510934282188362E-4	
90	org.apache.hadoop.chukwa.datacollection.agent.rest.AdaptorAveragedRate	3	0.687055667111303	4	0.31033451375460364	2	0.001258673470247705	0	9.525831265268167E-4	1	3.9856253731891645E-4	
91	org.apache.hadoop.chukwa.datacollection.agent.rest.AdaptorConfig	3	0.6369936006604792	4	0.3605167699462737	2	0.001200707906188898	0	9.087139106044677E-4	1	3.802075764537655E-4	
92	org.apache.hadoop.chukwa.datacollection.agent.rest.AdaptorController	4	0.6298858096670892	3	0.34783253857774743	1	0.02189711039596642	2	2.188855005521013E-4	0	1.6565585864479541E-4	
93	org.apache.hadoop.chukwa.datacollection.agent.rest.AdaptorInfo	3	0.6453470541467201	4	0.32902033127683644	0	0.023694715623304538	2	0.001471837438481922	1	4.6606151465708066E-4	
94	org.apache.hadoop.chukwa.datacollection.agent.rest.AdaptorList	3	0.5771522734710277	4	0.39909255058556886	2	0.02229092914492524	0	0.0010323215554207674	1	4.3192524305744E-4	
95	org.apache.hadoop.chukwa.datacollection.agent.rest.ContextProvider	3	0.9292057306192659	4	0.06780985213385456	2	0.0014393360688198964	0	0.001089311314625108	1	4.557698634345538E-4	
96	org.apache.hadoop.chukwa.datacollection.agent.rest.Examples	4	0.9657042797222777	2	0.02842490288867899	3	0.005513438258658994	0	2.5195901410657117E-4	1	1.0542011627775841E-4	
97	org.apache.hadoop.chukwa.datacollection.collector.CollectorStub	4	0.7726679055507569	3	0.1379559042451444	0	0.08233702724019804	2	0.006947547086456074	1	9.161587744455077E-5	
98	org.apache.hadoop.chukwa.datacollection.collector.servlet.CommitCheckServlet	0	0.42161866555724775	4	0.37510645727984676	3	0.18266660503498608	1	0.020344152344263376	2	2.641197836561022E-4	
99	org.apache.hadoop.chukwa.datacollection.collector.servlet.LogDisplayServlet	4	0.5382329168332067	3	0.4610714543513994	2	3.354905033985741E-4	0	2.539042890802934E-4	1	1.0623402291511041E-4	
100	org.apache.hadoop.chukwa.datacollection.collector.servlet.ServletCollector	4	0.7411054971556462	3	0.23234812052281228	1	0.026194350529220745	2	2.0038066967178298E-4	0	1.5165112264892621E-4	
101	org.apache.hadoop.chukwa.datacollection.collector.servlet.ServletDiagnostics	4	0.8978697498396548	1	0.059728309105973425	2	0.03399610826620287	3	0.00803848163405918	0	3.6735115410976794E-4	
102	org.apache.hadoop.chukwa.datacollection.connector.ChunkCatcherConnector	4	0.9960828755225436	3	0.001450216735554232	2	0.0011897496220018926	0	9.004205153284295E-4	1	3.7673760457188017E-4	
103	org.apache.hadoop.chukwa.datacollection.connector.Connector	3	0.4415268605372041	4	0.29957990839638704	2	0.2569102686979543	0	0.0013980257963830897	1	5.849365720714947E-4	
104	org.apache.hadoop.chukwa.datacollection.connector.PipelineConnector	4	0.9963593765475919	3	0.0029520825694319694	2	3.320721084697118E-4	0	2.5131719607641984E-4	1	1.0515157843001505E-4	
105	org.apache.hadoop.chukwa.datacollection.connector.http.HttpConnector	4	0.9840829544848523	3	0.009741665236045622	0	0.005851266389253538	2	2.461650317929415E-4	1	7.794885805551949E-5	
106	org.apache.hadoop.chukwa.datacollection.controller.ChukwaAgentController	4	0.9545898764412107	2	0.03562394095076424	3	0.009664978061088432	0	8.545148710442336E-5	1	3.5753059832364E-5	
107	org.apache.hadoop.chukwa.datacollection.controller.ClientFinalizer	4	0.6427181282699412	3	0.35388488364149134	2	0.0016383122991059146	0	0.0012398995362971463	1	5.187762531643234E-4	
108	org.apache.hadoop.chukwa.datacollection.sender.AsyncAckSender	4	0.9487646845272302	2	0.02355905647398438	1	0.018245598113413176	3	0.005404182992789462	0	0.0040264778925827435	
109	org.apache.hadoop.chukwa.datacollection.sender.ChukwaHttpSender	4	0.7366001548410533	3	0.2631109295118165	2	1.3933933406784797E-4	0	1.0545411628354547E-4	1	4.4122196778708876E-5	
110	org.apache.hadoop.chukwa.datacollection.sender.ChukwaSender	4	0.9100262692801209	3	0.07458934393751501	2	0.01368960800869143	0	0.00119485093738992	1	4.999278362827539E-4	
111	org.apache.hadoop.chukwa.datacollection.sender.RetryListOfCollectors	4	0.8645521473782015	3	0.1038300221481851	2	0.03108283485123865	0	3.7718198435353524E-4	1	1.5781363802132894E-4	
112	org.apache.hadoop.chukwa.datacollection.sender.metrics.HttpSenderActivityMBean	3	0.8298359499253021	4	0.15613854608404462	2	0.012480422812593654	0	0.001089311314625108	1	4.557698634345538E-4	
113	org.apache.hadoop.chukwa.datacollection.sender.metrics.HttpSenderMetrics	3	0.6989089451136007	2	0.21820822603232884	4	0.0822483875160747	0	4.4729308579920463E-4	1	1.87148252196466E-4	
114	org.apache.hadoop.chukwa.datacollection.test.ConsoleOutConnector	4	0.9966617423272784	3	0.0012359058723905203	2	0.0010139301998501546	0	7.673577164243733E-4	1	3.210638840564618E-4	
115	org.apache.hadoop.chukwa.datacollection.test.FilePerPostWriter	0	0.5753083394131897	4	0.41070280012136395	2	0.013342220529519493	3	5.132958368812415E-4	1	1.333440990456188E-4	
116	org.apache.hadoop.chukwa.datacollection.test.FileTailerStressTest	4	0.9515564409447623	0	0.0471552493285738	3	6.193276999137274E-4	2	5.080929483178647E-4	1	1.6088907843236273E-4	
117	org.apache.hadoop.chukwa.datacollection.test.SinkFileValidator	0	0.43323271632809857	4	0.2762100852459546	3	0.2632148668858758	2	0.027071772297062386	1	2.705592430085498E-4	
118	org.apache.hadoop.chukwa.datacollection.writer.ChukwaWriter	4	0.9467710815777322	0	0.03653099349875203	3	0.01546814579494093	2	9.340192684289626E-4	1	2.9575986014589167E-4	
119	org.apache.hadoop.chukwa.datacollection.writer.ClientAck	4	0.6382184044124404	0	0.32729473371058687	1	0.024219639985395516	3	0.009229067981043124	2	0.001038153910534081	
120	org.apache.hadoop.chukwa.datacollection.writer.ConsoleWriter	4	0.9206160863475579	2	0.07747525226463331	3	0.00101488531419537	0	6.301289560403622E-4	1	2.6364711757309985E-4	
121	org.apache.hadoop.chukwa.datacollection.writer.Dedup	4	0.5570366775997276	2	0.38073502928194564	3	0.06145757869615029	0	5.433681753056924E-4	1	2.273462468706555E-4	
122	org.apache.hadoop.chukwa.datacollection.writer.ExtractorWriter	4	0.8885052164574574	3	0.09647421944504386	0	0.012991007074382263	2	0.0015414518932053006	1	4.8810512991113243E-4	
123	org.apache.hadoop.chukwa.datacollection.writer.InMemoryWriter	4	0.9970105170569766	3	0.0011067808081099072	2	9.079967261476062E-4	0	6.87185660709589E-4	1	2.875197480562128E-4	
124	org.apache.hadoop.chukwa.datacollection.writer.NullWriter	4	0.9962862378593631	3	0.0013749269494025848	2	0.0011279823065252221	0	8.536740764109907E-4	1	3.571788082981214E-4	
125	org.apache.hadoop.chukwa.datacollection.writer.PipelineStageWriter	4	0.9887777153383167	3	0.010337707187936748	2	4.266173789741272E-4	0	3.2287048730269435E-4	1	1.350896074696891E-4	
126	org.apache.hadoop.chukwa.datacollection.writer.PipelineableWriter	4	0.9760083367954383	3	0.01945418736206316	2	0.0021883510585979935	0	0.0016561771917916902	1	6.929475921087829E-4	
127	org.apache.hadoop.chukwa.datacollection.writer.SeqFileWriter	0	0.6011900141685083	4	0.3984697711480842	3	1.6355102580589955E-4	2	1.3417633817073969E-4	1	4.2487319430802544E-5	
128	org.apache.hadoop.chukwa.datacollection.writer.SocketTeeWriter	4	0.8886054959356491	3	0.1088868564561093	2	0.002231399487440951	0	1.9476012516702183E-4	1	8.148799563366267E-5	
129	org.apache.hadoop.chukwa.datacollection.writer.WriterException	3	0.7811284567865457	4	0.21318946361712784	2	0.002740374898131099	0	0.0020739571858963543	1	8.677475122990019E-4	
130	org.apache.hadoop.chukwa.datacollection.writer.hbase.Annotation	3	0.6824197127193126	1	0.17062694987708923	4	0.14370806286678744	2	0.0018472487404276711	0	0.0013980257963830897	
131	org.apache.hadoop.chukwa.datacollection.writer.hbase.HBaseWriter	2	0.36808060655675157	1	0.3350287204055236	4	0.2020433623564299	0	0.09461984425795446	3	2.274664233404348E-4	
132	org.apache.hadoop.chukwa.datacollection.writer.hbase.OutputCollector	2	0.9175130972974339	1	0.07933330487324515	3	0.0012554349568996302	4	0.0011186798040365132	0	7.794830683848613E-4	
133	org.apache.hadoop.chukwa.datacollection.writer.hbase.Reporter	3	0.5840139582603041	2	0.3955368603091638	4	0.019194917440302467	0	8.84279722959119E-4	1	3.699842672704881E-4	
134	org.apache.hadoop.chukwa.datacollection.writer.localfs.LocalToRemoteHdfsMover	0	0.9097624531510676	4	0.08967973560798406	3	2.681559765422635E-4	2	2.1999364916084694E-4	1	6.966161524508746E-5	
135	org.apache.hadoop.chukwa.datacollection.writer.localfs.LocalWriter	0	0.6033647635789625	4	0.3939825843359239	2	0.0024248038114975754	3	1.8086351273678512E-4	1	4.698476087911901E-5	
136	org.apache.hadoop.chukwa.datacollection.writer.solr.SolrWriter	4	0.5459110626083608	3	0.38639266905874486	2	0.06707589001531376	0	4.373783916889558E-4	1	1.8299992589162207E-4	
137	org.apache.hadoop.chukwa.dataloader.DataLoaderFactory	0	0.5882100374461483	3	0.407413408632096	4	0.0019783515393743023	2	0.0018214386491762133	1	5.767637332052004E-4	
138	org.apache.hadoop.chukwa.dataloader.FSMDataLoader	0	0.414526729146189	2	0.3349446202653205	3	0.2500430270801234	4	3.760041770501303E-4	1	1.0961933131700692E-4	
139	org.apache.hadoop.chukwa.dataloader.MetricDataLoader	1	0.5742851590013078	2	0.36891019989599083	0	0.04625672875781703	3	0.008382149595930723	4	0.002165762748953729	
140	org.apache.hadoop.chukwa.dataloader.MetricDataLoaderPool	3	0.6555309340881272	4	0.34287503527616153	2	7.687751406683673E-4	0	5.818206583394872E-4	1	2.434348367032725E-4	
141	org.apache.hadoop.chukwa.dataloader.SocketDataLoader	4	0.5655711701236185	3	0.3361122136561116	2	0.0979151504858353	0	2.830408998336209E-4	1	1.1842483460107925E-4	
142	org.apache.hadoop.chukwa.datastore.ChukwaHBaseStore	1	0.7796435465908723	2	0.1746616405582968	3	0.045393205027992566	4	1.7775217556452233E-4	0	1.2385564727384325E-4	
143	org.apache.hadoop.chukwa.datastore.UserStore	3	0.9142383468350804	0	0.08502388823644277	4	3.3349489302368255E-4	2	3.070437560598247E-4	1	9.722627939321762E-5	
144	org.apache.hadoop.chukwa.datastore.ViewStore	3	0.9441074406628948	0	0.05539816558570564	4	2.2348282612864994E-4	2	2.0575729279468326E-4	1	6.515363247624602E-5	
145	org.apache.hadoop.chukwa.datastore.WidgetStore	3	0.9098837489631324	0	0.08634877119588676	2	0.0032428471601768636	4	4.0620784620283714E-4	1	1.1842483460107925E-4	
146	org.apache.hadoop.chukwa.datatrigger.HttpTriggerAction	3	0.8513692918091356	0	0.07995511121958554	4	0.04345555406769309	2	0.016839849776402235	1	0.008380193127183513	
147	org.apache.hadoop.chukwa.datatrigger.TriggerAction	3	0.7880873341229222	0	0.17241800891682374	2	0.03637242459883478	4	0.0024174538287121267	1	7.047785327071798E-4	
148	org.apache.hadoop.chukwa.datatrigger.TriggerEvent	3	0.7567178997733708	2	0.16948759439698807	0	0.0712393905570617	4	0.0019783515393743023	1	5.767637332052004E-4	
149	org.apache.hadoop.chukwa.extraction.CHUKWA_CONSTANT	0	0.9781613222321172	3	0.01659771006509318	4	0.004555966681621536	2	5.202594008941407E-4	1	1.6474162027390688E-4	
150	org.apache.hadoop.chukwa.extraction.archive.ChukwaArchiveBuilder	2	0.5423113473551727	0	0.4407553787218192	4	0.016471571148549247	3	3.664947041456066E-4	1	9.520807031324762E-5	
151	org.apache.hadoop.chukwa.extraction.archive.ChukwaArchiveDailyOutputFormat	2	0.4863862409536913	0	0.43677151203531056	4	0.04229298827272973	1	0.03324218987699701	3	0.001307068861271372	
152	org.apache.hadoop.chukwa.extraction.archive.ChukwaArchiveDailyPartitioner	2	0.7868125343936583	0	0.20978913280217515	3	0.0015799954716929257	4	0.001407885780890622	1	4.1045155158309863E-4	
153	org.apache.hadoop.chukwa.extraction.archive.ChukwaArchiveDataTypeOutputFormat	2	0.5612438151927904	0	0.38248923873910123	3	0.05535971329775058	4	7.024439824963622E-4	1	2.0478878786136577E-4	
154	org.apache.hadoop.chukwa.extraction.archive.ChukwaArchiveDataTypePartitioner	2	0.6624252048142625	0	0.32782146756907804	3	0.008424036534742083	4	0.0010292314739807587	1	3.0005960793660577E-4	
155	org.apache.hadoop.chukwa.extraction.archive.ChukwaArchiveHourlyOutputFormat	2	0.7084790559378903	0	0.28870963537917793	3	0.001307068861271372	4	0.00116468920158178	1	3.3955062007864776E-4	
156	org.apache.hadoop.chukwa.extraction.archive.ChukwaArchiveHourlyPartitioner	2	0.6774368449592054	0	0.31916482223662795	3	0.0015799954716929257	4	0.001407885780890622	1	4.1045155158309863E-4	
157	org.apache.hadoop.chukwa.extraction.archive.ChukwaArchiveManager	0	0.9980593309781286	4	0.0015049250509162288	3	2.0947471380326275E-4	2	1.7185187252106887E-4	1	5.441738463076108E-5	
158	org.apache.hadoop.chukwa.extraction.archive.ChukwaArchiveStreamNameOutputFormat	0	0.3830769426706308	2	0.3707530507666603	3	0.24384253066925882	4	0.0018020969801550244	1	5.253789132950346E-4	
159	org.apache.hadoop.chukwa.extraction.archive.ChukwaArchiveStreamNamePartitioner	2	0.5203704130261865	4	0.321754847240651	0	0.14462343898368396	3	0.012795530886043998	1	4.557698634345538E-4	
160	org.apache.hadoop.chukwa.extraction.archive.SinkArchiver	0	0.9389439160346954	2	0.034897096388354455	4	0.018777999562034787	3	0.00728577994460222	1	9.520807031324762E-5	
161	org.apache.hadoop.chukwa.extraction.demux.ChukwaRecordOutputFormat	2	0.6920957330080656	0	0.299547996266569	3	0.007217385968296213	4	8.818053872157132E-4	1	2.570793698534721E-4	
162	org.apache.hadoop.chukwa.extraction.demux.ChukwaRecordPartitioner	2	0.8775298166765413	0	0.11355893972000557	3	0.007696721020347187	4	9.403695589305942E-4	1	2.741530241753062E-4	
163	org.apache.hadoop.chukwa.extraction.demux.DailyChukwaRecordRolling	0	0.9464797153205954	2	0.053089607249167545	3	2.0023594766835096E-4	4	1.7842414652199676E-4	1	5.201733604661873E-5	
164	org.apache.hadoop.chukwa.extraction.demux.Demux	2	0.5612433250448191	0	0.3995596167198098	4	0.03225024588831289	3	0.005555789018114236	1	0.0013910233289440089	
165	org.apache.hadoop.chukwa.extraction.demux.DemuxManager	0	0.9982386817597705	4	0.001525817008964338	3	1.1321224459279923E-4	2	9.287868627360198E-5	1	2.9410300398855105E-5	
166	org.apache.hadoop.chukwa.extraction.demux.HourlyChukwaRecordRolling	0	0.9346100388847117	2	0.06493822145923996	3	2.1002846162247315E-4	4	1.8714995707157353E-4	1	5.456123735417245E-5	
167	org.apache.hadoop.chukwa.extraction.demux.MoveOrMergeRecordFile	0	0.9992177639371563	3	2.6326886840483875E-4	4	2.345908599226502E-4	2	2.1598429323725705E-4	1	6.839204127877026E-5	
168	org.apache.hadoop.chukwa.extraction.demux.MoveToRepository	0	0.9969463636059638	2	0.0026314706825142043	3	1.9627857274335216E-4	4	1.7489785041142049E-4	1	5.098928836720266E-5	
169	org.apache.hadoop.chukwa.extraction.demux.PostProcessorManager	0	0.9083186089909244	3	0.05792790303456805	2	0.03223615094933744	4	0.0014643855305970996	1	5.295149457290769E-5	
170	org.apache.hadoop.chukwa.extraction.demux.RecordMerger	0	0.945916893108981	2	0.04311103376573455	3	0.010371649073928737	4	4.6489090297601674E-4	1	1.355331483798814E-4	
171	org.apache.hadoop.chukwa.extraction.demux.TaggerPlugin	2	0.5825617111552158	3	0.4113930533270448	4	0.0030403645214090898	0	0.0021184906151028313	1	8.863803812274714E-4	
172	org.apache.hadoop.chukwa.extraction.demux.processor.ChukwaOutputCollector	2	0.9963771494359259	3	0.001307068861271372	4	0.00116468920158178	0	8.1154188114229E-4	1	3.3955062007864776E-4	
173	org.apache.hadoop.chukwa.extraction.demux.processor.Util	0	0.996240090353655	3	0.001265432782911361	4	0.0011275885618993774	2	0.001038153910534081	1	3.287343910002246E-4	
174	org.apache.hadoop.chukwa.extraction.demux.processor.mapper.AbstractProcessor	2	0.626247345415508	4	0.30710438450521926	0	0.06602186478139127	3	4.972337985003544E-4	1	1.291714993811663E-4	
175	org.apache.hadoop.chukwa.extraction.demux.processor.mapper.ChukwaMetricsProcessor	2	0.363778323921378	3	0.28123307365547257	4	0.2603436399915377	1	0.09362333066661191	0	0.0010216317649997654	
176	org.apache.hadoop.chukwa.extraction.demux.processor.mapper.ChunkProcessor	2	0.8868131570354624	4	0.1091793674958313	3	0.002130879802025795	0	0.0013230352694211186	1	5.535603972595168E-4	
177	org.apache.hadoop.chukwa.extraction.demux.processor.mapper.ChunkSaver	2	0.7570759455196293	4	0.24168183956134556	3	6.605182493057252E-4	0	4.101071018163355E-4	1	1.7158956790300065E-4	
178	org.apache.hadoop.chukwa.extraction.demux.processor.mapper.ClientTraceProcessor	2	0.9752168038043373	1	0.014802442012468081	0	0.009098430752713701	3	4.6657377147206187E-4	4	4.157496590089547E-4	
179	org.apache.hadoop.chukwa.extraction.demux.processor.mapper.DFInvalidRecord	2	0.7935481754321692	3	0.20088474926580965	4	0.002799880697221724	0	0.0019509242851323526	1	8.162703196670091E-4	
180	org.apache.hadoop.chukwa.extraction.demux.processor.mapper.DatanodeProcessor	2	0.9139903104306983	4	0.08546789034228852	3	2.880888575889114E-4	0	1.7887058620341347E-4	1	7.483978322069039E-5	
181	org.apache.hadoop.chukwa.extraction.demux.processor.mapper.DebugOutputProcessor	2	0.8856822150107914	3	0.07790116098698766	0	0.026355693189201373	4	0.009709827983188967	1	3.511028298306488E-4	
182	org.apache.hadoop.chukwa.extraction.demux.processor.mapper.DefaultProcessor	2	0.9529255393703089	0	0.04411719939749206	3	0.0013749269494025848	4	0.0012251554744983676	1	3.571788082981214E-4	
183	org.apache.hadoop.chukwa.extraction.demux.processor.mapper.Df	2	0.9949382267995275	4	0.004011628084350227	3	5.583896981067478E-4	0	3.466968263410735E-4	1	1.45058591674544E-4	
184	org.apache.hadoop.chukwa.extraction.demux.processor.mapper.DuplicateProcessorException	3	0.63268667709436	2	0.3442520830896314	4	0.020543024429794707	0	0.0017753892493278238	1	7.428261368861268E-4	
185	org.apache.hadoop.chukwa.extraction.demux.processor.mapper.HBaseMasterProcessor	2	0.9815309836513728	4	0.014059751568010712	3	0.003934203326394208	0	3.349272676252295E-4	1	1.4013418659714766E-4	
186	org.apache.hadoop.chukwa.extraction.demux.processor.mapper.HBaseRegionServerProcessor	2	0.820494041360098	3	0.16625103724795687	4	0.012689672044673743	0	3.98511429891603E-4	1	1.667379173797652E-4	
187	org.apache.hadoop.chukwa.extraction.demux.processor.mapper.HadoopLogProcessor	2	0.998176796070978	3	6.577839856282468E-4	4	5.861312496492747E-4	0	4.0840943342708056E-4	1	1.7087926031733662E-4	
188	org.apache.hadoop.chukwa.extraction.demux.processor.mapper.HadoopMetricsProcessor	2	0.9710943214114246	0	0.028221545260095706	3	3.1807583992565173E-4	4	2.834276808378094E-4	1	8.262980771628094E-5	
189	org.apache.hadoop.chukwa.extraction.demux.processor.mapper.Iostat	2	0.998353957790812	3	5.9386675710648E-4	4	5.291765565492294E-4	0	3.6872406610718176E-4	1	1.542748294251768E-4	
190	org.apache.hadoop.chukwa.extraction.demux.processor.mapper.JPluginMapper	2	0.7191055877160557	3	0.2514824389583855	4	0.0174950063463869	0	0.01168708862514714	1	2.2987835402465877E-4	
191	org.apache.hadoop.chukwa.extraction.demux.processor.mapper.JobConfProcessor	2	0.642644417787803	3	0.22960873174600144	4	0.06387530116505633	0	0.0637778539422911	1	9.369535884823261E-5	
192	org.apache.hadoop.chukwa.extraction.demux.processor.mapper.JobLog	2	0.9979982055516213	0	0.0015268265465505442	3	2.2082802872273397E-4	4	1.9677312196833115E-4	1	5.736675113705583E-5	
193	org.apache.hadoop.chukwa.extraction.demux.processor.mapper.JobLogHistoryProcessor	2	0.9996765259480825	3	1.1670447157918798E-4	4	1.0399179557561774E-4	0	7.246027291245173E-5	1	3.0317511850232105E-5	
194	org.apache.hadoop.chukwa.extraction.demux.processor.mapper.JobSummary	2	0.9754902877567733	0	0.0167956202688268	4	0.007054671363638324	3	5.234409993136375E-4	1	1.3597961144805483E-4	
195	org.apache.hadoop.chukwa.extraction.demux.processor.mapper.JobTrackerProcessor	2	0.918940412152614	4	0.08048881378351828	3	3.0349553820435227E-4	0	1.8843639175450863E-4	1	7.884213390880803E-5	
196	org.apache.hadoop.chukwa.extraction.demux.processor.mapper.Log4JMetricsContextProcessor	2	0.794676609797765	3	0.20399271777981934	4	6.692426144288324E-4	0	4.6632046516490626E-4	1	1.9510934282188362E-4	
197	org.apache.hadoop.chukwa.extraction.demux.processor.mapper.Log4jJobHistoryProcessor	2	0.999656601550764	3	1.238928882290393E-4	4	1.1039717443255792E-4	0	7.692346635490015E-5	1	3.218492021957121E-5	
198	org.apache.hadoop.chukwa.extraction.demux.processor.mapper.LogEntry	2	0.9958280808301011	3	0.001505164384308418	4	0.001341206080989743	0	9.345367884304783E-4	1	3.910119161702757E-4	
199	org.apache.hadoop.chukwa.extraction.demux.processor.mapper.MapProcessor	2	0.8991091947129644	3	0.08719495684599168	0	0.011741481897990381	4	0.0015132092475219022	1	4.4115729553171105E-4	
200	org.apache.hadoop.chukwa.extraction.demux.processor.mapper.MapProcessorFactory	2	0.815854063716972	3	0.18147918149743758	4	0.001341206080989743	0	9.345367884304783E-4	1	3.910119161702757E-4	
201	org.apache.hadoop.chukwa.extraction.demux.processor.mapper.NamenodeProcessor	2	0.9022651027398212	4	0.08534062813032676	0	0.01209530023752421	3	2.3731829610690484E-4	1	6.16505962208654E-5	
202	org.apache.hadoop.chukwa.extraction.demux.processor.mapper.PbsInvalidEntry	3	0.539843418205288	2	0.43864383499162524	4	0.01916362201918639	0	0.0016561771917916902	1	6.929475921087829E-4	
203	org.apache.hadoop.chukwa.extraction.demux.processor.mapper.PbsNodes	2	0.9668604519857965	3	0.032445387030393784	4	3.4911831327803626E-4	0	2.4326157769308292E-4	1	1.0178109283865046E-4	
204	org.apache.hadoop.chukwa.extraction.demux.processor.mapper.ProcessorFactory	2	0.8321547836214559	3	0.15939021404840018	4	0.007531742473860544	0	6.509155778155002E-4	1	2.723442784678078E-4	
205	org.apache.hadoop.chukwa.extraction.demux.processor.mapper.Ps	2	0.9837090660138968	3	0.011589287855853607	4	0.00418824105228374	0	3.619602441319938E-4	1	1.5144483383389075E-4	
206	org.apache.hadoop.chukwa.extraction.demux.processor.mapper.Sar	2	0.9737452736350924	4	0.019861435629159624	3	0.006004106652506058	0	2.743821045570355E-4	1	1.1480197868493073E-4	
207	org.apache.hadoop.chukwa.extraction.demux.processor.mapper.SysLog	2	0.9980122252906062	3	7.171585965029835E-4	4	6.390381546968494E-4	0	4.452743491397128E-4	1	1.8630360905427706E-4	
208	org.apache.hadoop.chukwa.extraction.demux.processor.mapper.SystemMetrics	2	0.9929914180711535	3	0.0049858696563390625	4	0.0018018384076522727	0	1.5572023237883957E-4	1	6.515363247624602E-5	
209	org.apache.hadoop.chukwa.extraction.demux.processor.mapper.Top	2	0.9866842346702877	4	0.010136779833843215	1	0.0025485899931626675	3	3.8892011419446016E-4	0	2.414753885120034E-4	
210	org.apache.hadoop.chukwa.extraction.demux.processor.mapper.Torque	2	0.9924809372708977	0	0.005735006703245951	3	8.294656834796813E-4	4	7.391115749569229E-4	1	2.154787674197452E-4	
211	org.apache.hadoop.chukwa.extraction.demux.processor.mapper.TsProcessor	2	0.8679894127351074	0	0.08552051071418044	3	0.04610954649670011	4	2.946333679000585E-4	1	8.589668611201646E-5	
212	org.apache.hadoop.chukwa.extraction.demux.processor.mapper.UnknownRecordTypeException	3	0.7294396159575517	2	0.26488100319150093	4	0.0028563631627122944	0	0.0019902806097497	1	8.327370784854537E-4	
213	org.apache.hadoop.chukwa.extraction.demux.processor.mapper.YWatch	2	0.7423360699426815	3	0.24367441603049483	4	0.013392938352137845	0	4.2059708039505643E-4	1	1.7597859429065038E-4	
214	org.apache.hadoop.chukwa.extraction.demux.processor.mapper.YwatchInvalidEntry	3	0.6909241626436435	2	0.3043498399353092	4	0.0023768726371468842	0	0.0016561771917916902	1	6.929475921087829E-4	
215	org.apache.hadoop.chukwa.extraction.demux.processor.mapper.ZookeeperProcessor	2	0.8623710665548946	4	0.07726395224629025	3	0.056387118655187085	1	0.003633585341567217	0	3.442772020609051E-4	
216	org.apache.hadoop.chukwa.extraction.demux.processor.reducer.ClientTrace	2	0.9977128784105034	3	8.251583549200276E-4	4	7.352734458347788E-4	0	5.12329980029296E-4	1	2.143598087124815E-4	
217	org.apache.hadoop.chukwa.extraction.demux.processor.reducer.DuplicateReduceProcessorException	2	0.5139500315276764	3	0.48140199541020456	4	0.002337631404610109	0	0.0016288343576450473	1	6.815072998639366E-4	
218	org.apache.hadoop.chukwa.extraction.demux.processor.reducer.IdentityReducer	2	0.7572720312502947	3	0.2191024882877489	0	0.021731826887574326	4	0.001466200959355708	1	4.274526150263975E-4	
219	org.apache.hadoop.chukwa.extraction.demux.processor.reducer.JobLogHistoryReduceProcessor	2	0.9928539606914173	0	0.005450490947197263	3	7.883155910276372E-4	4	7.024439824963622E-4	1	2.0478878786136577E-4	
220	org.apache.hadoop.chukwa.extraction.demux.processor.reducer.MRJobReduceProcessor	2	0.9896841331336175	4	0.009052648257177552	3	6.716864621923456E-4	0	4.170412984478654E-4	1	1.7449084856478134E-4	
221	org.apache.hadoop.chukwa.extraction.demux.processor.reducer.ReduceProcessor	2	0.970798018223738	4	0.025626083862568396	3	0.0019013986979827188	0	0.00118055346729129	1	4.939457484196945E-4	
222	org.apache.hadoop.chukwa.extraction.demux.processor.reducer.ReduceProcessorFactory	2	0.7496808590629136	3	0.23506528454487322	0	0.014031213757421437	4	9.466566790948976E-4	1	2.7598595569677895E-4	
223	org.apache.hadoop.chukwa.extraction.demux.processor.reducer.SystemMetrics	2	0.9988949696569773	3	3.986779820420573E-4	4	3.552497916147619E-4	0	2.4753392044066876E-4	1	1.035686489252068E-4	
224	org.apache.hadoop.chukwa.extraction.demux.processor.reducer.UnknownReduceTypeException	3	0.6689201100229416	2	0.325400509126111	4	0.0028563631627122944	0	0.0019902806097497	1	8.327370784854537E-4	
225	org.apache.hadoop.chukwa.extraction.engine.ChukwaRecord	2	0.771962676538906	3	0.22636721552561506	4	8.399568385803048E-4	0	5.85272149801011E-4	1	2.4487894709755915E-4	
226	org.apache.hadoop.chukwa.extraction.engine.ChukwaRecordJT	2	0.9995457445455758	3	1.6388839369427068E-4	4	1.4603594963974166E-4	0	1.0175615015927067E-4	1	4.2574960930868286E-5	
227	org.apache.hadoop.chukwa.extraction.engine.ChukwaRecordKey	2	0.9993092016986664	3	2.492294211762196E-4	4	2.2208073664770284E-4	0	1.5474327274587284E-4	1	6.474487076366659E-5	
228	org.apache.hadoop.chukwa.extraction.engine.ChukwaSearchResult	2	0.519904523871434	3	0.4759290100786309	4	0.002095464357129807	0	0.0014600951772732107	1	6.109065155320505E-4	
229	org.apache.hadoop.chukwa.extraction.engine.ChukwaSearchService	0	0.45133059162054656	3	0.3299112249378215	2	0.2170422195974331	4	0.0013286209624720166	1	3.873428817268777E-4	
230	org.apache.hadoop.chukwa.extraction.engine.Record	2	0.9798740138447455	3	0.016192378553868365	4	0.0019783515393743023	0	0.001378492328806771	1	5.767637332052004E-4	
231	org.apache.hadoop.chukwa.extraction.engine.RecordUtil	2	0.67419730914724	3	0.1924148689446809	0	0.1315512228218536	4	0.0014220253263876126	1	4.1457375983798155E-4	
232	org.apache.hadoop.chukwa.extraction.engine.SearchResult	3	0.6376403716588087	2	0.3384374253838361	4	0.021309973084201368	0	0.001841671232317883	1	7.705586408360628E-4	
233	org.apache.hadoop.chukwa.extraction.engine.SearchService	3	0.6497695467284503	0	0.3442721366031356	4	0.0026933622123197546	2	0.002479738273058143	1	7.852161830362401E-4	
234	org.apache.hadoop.chukwa.extraction.engine.Token	3	0.7699833072366468	2	0.2223184345048346	4	0.0038717286062987	0	0.0026977754341336526	1	0.0011287542180862685	
235	org.apache.hadoop.chukwa.extraction.engine.datasource.DataSource	0	0.37515610979031844	3	0.34365158881064534	2	0.2782221979347674	4	0.0022996648424026818	1	6.704386218661682E-4	
236	org.apache.hadoop.chukwa.extraction.engine.datasource.DataSourceException	3	0.8679887104648218	2	0.0644494667036862	0	0.06379676953519106	4	0.002915171407137176	1	8.498818891637752E-4	
237	org.apache.hadoop.chukwa.extraction.engine.datasource.DataSourceFactory	0	0.41019775093948063	3	0.3625159615702864	2	0.1696253272982682	1	0.05652431984095848	4	0.0011366403510062678	
238	org.apache.hadoop.chukwa.extraction.engine.datasource.DsDirectory	0	0.726314879684848	3	0.2714568235857147	4	0.001007266069075746	2	9.273747924489785E-4	1	2.93655867912532E-4	
239	org.apache.hadoop.chukwa.extraction.engine.datasource.database.DatabaseDS	1	0.4507335521818744	2	0.3571363958412412	0	0.1254766094547758	3	0.06621037264803062	4	4.43069874078055E-4	
240	org.apache.hadoop.chukwa.extraction.engine.datasource.record.ChukwaDSInternalResult	2	0.5123225128031517	0	0.24935776058569525	3	0.23565282401193224	4	0.0020649052194045923	1	6.019973798162103E-4	
241	org.apache.hadoop.chukwa.extraction.engine.datasource.record.ChukwaFileParser	2	0.5162715939331629	0	0.28748568052557316	4	0.19526894500418146	3	7.729765329200218E-4	1	2.0080400416236686E-4	
242	org.apache.hadoop.chukwa.extraction.engine.datasource.record.ChukwaRecordDataSource	0	0.775531555847439	2	0.22324147920696405	3	0.0010597406274861587	4	1.294769322956489E-4	1	3.7747385815169075E-5	
243	org.apache.hadoop.chukwa.extraction.engine.datasource.record.ChukwaSequenceFileParser	2	0.618734085161488	0	0.34471333047947506	4	0.03576931474055914	3	6.217510116258582E-4	1	1.6151860685192703E-4	
244	org.apache.hadoop.chukwa.extraction.engine.datasource.record.MalformedFileFormat	3	0.7169072731753554	2	0.16231927704793492	0	0.10352307902102159	4	0.016648373375871956	1	6.019973798162103E-4	
245	org.apache.hadoop.chukwa.extraction.engine.datasource.record.RecordDS	0	0.8348877486176041	2	0.16394805849675628	3	5.412711448486275E-4	4	4.823102104351321E-4	1	1.4061153035599172E-4	
246	org.apache.hadoop.chukwa.hicc.AreaCalculator	2	0.640059751668847	1	0.3552204938941565	3	0.0018789157745784308	4	0.0016742445468439795	0	0.001166594115574085	
247	org.apache.hadoop.chukwa.hicc.Chart	1	0.909655901225143	3	0.08994324921660285	4	1.5314369928090787E-4	2	1.4099711158325614E-4	0	1.0670874739005682E-4	
248	org.apache.hadoop.chukwa.hicc.ClusterConfig	3	0.6704844180388247	1	0.1633451972132636	0	0.13810199923570526	2	0.01827526198304706	4	0.00979312352915933	
249	org.apache.hadoop.chukwa.hicc.ColorPicker	1	0.47346462348223833	3	0.41573336933286476	2	0.10796116852247892	4	0.0016742445468439795	0	0.001166594115574085	
250	org.apache.hadoop.chukwa.hicc.Config	3	0.9880855144444173	4	0.004095717013123284	2	0.003770865346889123	0	0.0028538479492575286	1	0.0011940552463128751	
251	org.apache.hadoop.chukwa.hicc.DatasetMapper	1	0.9024763390043261	3	0.04847922384839784	2	0.0484030310725149	4	3.7801183051610926E-4	0	2.6339424424511883E-4	
252	org.apache.hadoop.chukwa.hicc.HiccWebServer	3	0.7468992549362976	0	0.2525517624573681	4	2.481588491191904E-4	2	2.284761377968947E-4	1	7.234761941811315E-5	
253	org.apache.hadoop.chukwa.hicc.Iframe	3	0.9068086289399817	1	0.08119256425761509	2	0.010782776955725685	4	7.166655982731219E-4	0	4.99364248404338E-4	
254	org.apache.hadoop.chukwa.hicc.ImageSlicer	1	0.9081330892831639	0	0.0759785693620956	2	0.015382094088939242	3	2.677042090716152E-4	4	2.385430567295624E-4	
255	org.apache.hadoop.chukwa.hicc.JSONLoader	3	0.9559534366117062	1	0.04150062829508445	4	9.726689484234771E-4	2	8.955217413344202E-4	0	6.777444034513578E-4	
256	org.apache.hadoop.chukwa.hicc.OfflineTimeHandler	1	0.9924395218133714	0	0.006272692730602103	3	4.74941036857254E-4	4	4.232054740234928E-4	2	3.8963894514577825E-4	
257	org.apache.hadoop.chukwa.hicc.TimeHandler	1	0.9752357421736747	0	0.02383882305183647	3	3.4130448459608804E-4	4	3.0412601771710897E-4	2	2.800042721756064E-4	
258	org.apache.hadoop.chukwa.hicc.Views	3	0.9423319972120949	0	0.05632117227795318	4	6.088132947235863E-4	2	5.605252873776761E-4	1	1.7749192785059318E-4	
259	org.apache.hadoop.chukwa.hicc.ViewsTag	3	0.9961350270989192	4	0.0013286209624720166	2	0.0012232414325704772	0	9.257676243114983E-4	1	3.873428817268777E-4	
260	org.apache.hadoop.chukwa.hicc.Workspace	3	0.9090949171083438	0	0.0905595682955648	4	1.5618437365887635E-4	2	1.4379661496845495E-4	1	4.55336074640707E-5	
261	org.apache.hadoop.chukwa.hicc.bean.HeatMapPoint	3	0.9934171647376706	4	0.0022629118355745608	2	0.002083429054422446	0	0.001576770631518887	1	6.59723740813528E-4	
262	org.apache.hadoop.chukwa.hicc.bean.Heatmap	3	0.7029317355557089	1	0.2940445931389692	4	0.0011551870260834063	2	0.001063563403398324	0	8.049208758402563E-4	
263	org.apache.hadoop.chukwa.hicc.bean.Series	3	0.9796586230128446	2	0.01796700290391127	4	0.0011941573991724943	0	8.320749782759822E-4	1	3.4814170579571115E-4	
264	org.apache.hadoop.chukwa.hicc.rest.HeatmapController	1	0.5672426489159736	3	0.4309456858594389	4	6.921427469203583E-4	2	6.372454666911493E-4	0	4.822770109758753E-4	
265	org.apache.hadoop.chukwa.hicc.rest.MetricsController	1	0.7042111434448346	3	0.29517482122095295	4	2.345908599226502E-4	2	2.1598429323725705E-4	0	1.6346018105247042E-4	
266	org.apache.hadoop.chukwa.inputtools.ChukwaInputFormat	4	0.4690477885248694	2	0.3630968106128341	0	0.13190793392469558	3	0.029395891905984267	1	0.006551575031616714	
267	org.apache.hadoop.chukwa.inputtools.hdfsusage.Employee	3	0.9893211110318169	4	0.003670969008623987	2	0.0033798062170237726	0	0.002557888482891179	1	0.0010702252596443006	
268	org.apache.hadoop.chukwa.inputtools.hdfsusage.HDFSUsageMetrics	3	0.8279361783449434	2	0.13542764537418642	1	0.03395391825146121	4	0.001580785258372987	0	0.0011014727710360215	
269	org.apache.hadoop.chukwa.inputtools.hdfsusage.HDFSUsageMetricsList	3	0.9338405921886962	0	0.060085554496406665	4	0.002745588714382898	2	0.002527822431750777	1	8.004421687635869E-4	
270	org.apache.hadoop.chukwa.inputtools.hdfsusage.HDFSUsagePlugin	3	0.7510960941922148	0	0.2236713779485157	2	0.024364071097462345	4	6.724208453681891E-4	1	1.9603591643890185E-4	
271	org.apache.hadoop.chukwa.inputtools.hdfsusage.OrgChart	3	0.9890368772520318	4	0.00376867705670875	2	0.0034697645543440656	0	0.0026259703136815387	1	0.001098710823233967	
272	org.apache.hadoop.chukwa.inputtools.jplugin.ChukwaMetrics	3	0.9905465751366183	4	0.003249704140779566	2	0.0029919539589389347	0	0.0022643560256096003	1	9.474107380537705E-4	
273	org.apache.hadoop.chukwa.inputtools.jplugin.ChukwaMetricsList	3	0.687583837935674	2	0.1736288540479684	1	0.10704173770036206	0	0.031025258878066325	4	7.203114379290568E-4	
274	org.apache.hadoop.chukwa.inputtools.jplugin.GenericChukwaMetricsList	3	0.82739186819695	2	0.1711537211708035	4	7.31474972789156E-4	0	5.096832482173015E-4	1	2.1325241124005575E-4	
275	org.apache.hadoop.chukwa.inputtools.jplugin.JPlugin	3	0.9715176396959918	2	0.022802979453060777	4	0.0028563631627122944	0	0.0019902806097497	1	8.327370784854537E-4	
276	org.apache.hadoop.chukwa.inputtools.jplugin.JPluginAgent	3	0.7866229491006124	0	0.10838439204348449	4	0.07402311772032122	2	0.030791282738332003	1	1.782583972498608E-4	
277	org.apache.hadoop.chukwa.inputtools.jplugin.JPluginStatusMetricsList	3	0.962647304450907	0	0.032501687539754624	4	0.0021928209578512227	2	0.0020188974324639192	1	6.392896190233596E-4	
278	org.apache.hadoop.chukwa.inputtools.log4j.ChukwaDailyRollingFileAppender	0	0.6261639363481727	3	0.12572669604059425	1	0.11027963396755222	4	0.10633749687111829	2	0.031492236772562625	
279	org.apache.hadoop.chukwa.inputtools.log4j.Log4JMetricsContext	3	0.611661408174115	2	0.37373140700842195	4	0.008688733267083838	0	0.003038574485759203	1	0.002879877064620117	
280	org.apache.hadoop.chukwa.inputtools.log4j.Log4jMetricsSink	3	0.7053042089116376	2	0.17902831838593766	0	0.06450385933315209	4	0.050974752644442164	1	1.888607248304275E-4	
281	org.apache.hadoop.chukwa.inputtools.log4j.OneLineLogLayout	3	0.7161471712295384	4	0.10501717657222852	2	0.09454578732790876	0	0.06315221713272344	1	0.02113764773760096	
282	org.apache.hadoop.chukwa.inputtools.log4j.TaskLogAppender	4	0.513564059916308	3	0.20496147851482513	2	0.20482594410390415	0	0.07645248154852369	1	1.9603591643890185E-4	
283	org.apache.hadoop.chukwa.inputtools.mdl.DataConfig	3	0.6105258363718169	0	0.2792108634450851	1	0.10907868084304176	4	6.167691842655784E-4	2	5.678501557905692E-4	
284	org.apache.hadoop.chukwa.inputtools.mdl.ErStreamHandler	3	0.8474317003120152	2	0.084877701634657	1	0.03756855615386574	4	0.029204880399400807	0	9.171615000612646E-4	
285	org.apache.hadoop.chukwa.inputtools.mdl.LoaderServer	0	0.6866669010362223	3	0.30191371619380697	4	0.010572067881813179	2	6.435370495211853E-4	1	2.0377783863627155E-4	
286	org.apache.hadoop.chukwa.inputtools.mdl.TorqueDataLoader	3	0.45210968220940767	0	0.2996191515137779	1	0.17862799755956543	4	0.06895910896009516	2	6.840597571538498E-4	
287	org.apache.hadoop.chukwa.inputtools.mdl.TorqueInfoProcessor	1	0.6989839607541433	2	0.14317832506429415	0	0.10762461886311132	4	0.05006053593321896	3	1.5255938523244975E-4	
288	org.apache.hadoop.chukwa.inputtools.mdl.TorqueTimerTask	3	0.5812751507561793	0	0.19035720145650495	1	0.15420547359441747	2	0.060663516687246205	4	0.013498657505652158	
289	org.apache.hadoop.chukwa.inputtools.plugin.ExecPlugin	3	0.6418691710567369	0	0.2331693712646442	4	0.1241463339550389	2	6.190878071410522E-4	1	1.9603591643890185E-4	
290	org.apache.hadoop.chukwa.inputtools.plugin.IPlugin	3	0.9898475433615099	4	0.003490002919998208	2	0.003213193448032529	0	0.002431793418399405	1	0.0010174668520599953	
291	org.apache.hadoop.chukwa.inputtools.plugin.metrics.Exec	3	0.9256896907999584	0	0.04622402201091697	2	0.026895490261394824	4	9.219994731110473E-4	1	2.687974546186778E-4	
292	org.apache.hadoop.chukwa.inputtools.plugin.metrics.ExecHelper	3	0.9948235626500601	4	0.001779449261372556	2	0.0016383122991059146	0	0.0012398995362971463	1	5.187762531643234E-4	
293	org.apache.hadoop.chukwa.inputtools.plugin.nodeactivity.NodeActivityPlugin	3	0.8560371596649051	1	0.10639378955382094	0	0.03596527223071204	4	8.350034098935066E-4	2	7.687751406683673E-4	
294	org.apache.hadoop.chukwa.inputtools.plugin.pbsnode.PbsNodePlugin	3	0.98875619735125	0	0.008749325785316361	4	0.0011275885618993774	2	0.001038153910534081	1	3.287343910002246E-4	
295	org.apache.hadoop.chukwa.rest.bean.CatalogBean	3	0.9974971668926901	4	8.603725348270501E-4	2	7.921321142547456E-4	0	5.994975693502021E-4	1	2.508308888778256E-4	
296	org.apache.hadoop.chukwa.rest.bean.CategoryBean	3	0.9958633127834196	4	0.0014220253263876126	2	0.0013092374322962862	0	9.908506980585673E-4	1	4.1457375983798155E-4	
297	org.apache.hadoop.chukwa.rest.bean.ClientTraceBean	3	0.6681255124102263	0	0.31472390885772256	1	0.013598911225702325	4	0.0018491670670930725	2	0.001702500439255804	
298	org.apache.hadoop.chukwa.rest.bean.ColumnBean	3	0.9967963701672746	4	0.0011012780323942646	2	0.0010139301998501546	0	7.673577164243733E-4	1	3.210638840564618E-4	
299	org.apache.hadoop.chukwa.rest.bean.ConfigBean	3	0.9278387587580718	2	0.06974613012689647	4	0.0012146455051844308	0	8.463508521068619E-4	1	3.541147577405064E-4	
300	org.apache.hadoop.chukwa.rest.bean.OptionBean	3	0.9963410293527187	4	0.0012578057408082427	2	0.0011580429179883958	0	8.764244019956417E-4	1	3.6669758648907093E-4	
301	org.apache.hadoop.chukwa.rest.bean.PagesBean	3	0.7920119208695197	1	0.20642806500847743	4	5.959999921528087E-4	2	5.487282714977863E-4	0	4.1528585835224507E-4	
302	org.apache.hadoop.chukwa.rest.bean.ParametersBean	3	0.9983946215160876	4	5.51864026221522E-4	2	5.080929483178647E-4	0	3.8453243094065467E-4	1	1.6088907843236273E-4	
303	org.apache.hadoop.chukwa.rest.bean.ReturnCodeBean	3	0.9943242562605873	4	0.0019510905516812792	2	0.0017963398658656933	0	0.0013594971898425333	1	5.688161320232276E-4	
304	org.apache.hadoop.chukwa.rest.bean.UserBean	3	0.9978938919071384	4	7.239945616760317E-4	2	6.665709557600605E-4	0	5.044709848098465E-4	1	2.1107159061558786E-4	
305	org.apache.hadoop.chukwa.rest.bean.ViewBean	3	0.9982515097682386	4	6.010600420887976E-4	2	5.533869837320572E-4	0	4.1881164225935887E-4	1	1.7523156368117054E-4	
306	org.apache.hadoop.chukwa.rest.bean.WidgetBean	3	0.9985576493078239	4	4.958216820421437E-4	2	4.5649560090657516E-4	0	3.454827777308641E-4	1	1.4455063149654065E-4	
307	org.apache.hadoop.chukwa.rest.resource.ClientTrace	3	0.6791497583906944	2	0.270162857218246	4	0.05005864408260859	0	4.4327375265591486E-4	1	1.8546655579506068E-4	
308	org.apache.hadoop.chukwa.rest.resource.UserResource	3	0.997827232648883	4	7.469093116957091E-4	2	6.876682231017648E-4	0	5.204377159443144E-4	1	2.1775210037524011E-4	
309	org.apache.hadoop.chukwa.rest.resource.ViewContextResolver	3	0.9972276298695102	4	9.53028433930232E-4	2	8.774390136312252E-4	0	6.640591215265289E-4	1	2.778435614017074E-4	
310	org.apache.hadoop.chukwa.rest.resource.ViewResource	3	0.9990978546193794	4	3.1012100073316386E-4	2	2.8552376330206764E-4	0	2.1608870415808484E-4	1	9.041191242723365E-5	
311	org.apache.hadoop.chukwa.rest.resource.WidgetContextResolver	3	0.9969617849152645	4	0.0010444151494436614	2	9.615773946745037E-4	0	7.277363213481297E-4	1	3.0448621926905357E-4	
312	org.apache.hadoop.chukwa.rest.resource.WidgetResource	3	0.997756215883211	4	7.71321996072457E-4	2	7.101446161840642E-4	0	5.374481903060001E-4	1	2.2486931422649863E-4	
313	org.apache.hadoop.chukwa.tools.backfilling.BackfillingLoader	0	0.508518082652394	4	0.4608065177283303	2	0.029938277503192553	3	5.851196198024391E-4	1	1.5200249628076145E-4	
314	org.apache.hadoop.chukwa.tools.backfilling.QueueToWriterConnector	4	0.9708907023847344	0	0.017607645128106048	3	0.010908908835590422	2	4.5018977712369697E-4	1	1.4255387444540865E-4	
315	org.apache.hadoop.chukwa.util.AdaptorNamingUtils	3	0.7008291811907669	4	0.29539412409804505	2	0.0018214386491762133	0	0.001378492328806771	1	5.767637332052004E-4	
316	org.apache.hadoop.chukwa.util.ChukwaUtil	0	0.4611212108517286	4	0.4518271033614727	3	0.08623656206321867	2	6.190878071410522E-4	1	1.9603591643890185E-4	
317	(Unsupported encoding)").ClassUtils	3	0.679861144321251	0	0.24266736458077273	4	0.05291138408407503	2	0.024364071097462345	1	1.9603591643890185E-4	
318	org.apache.hadoop.chukwa.util.ClusterConfig	3	0.6522048183837513	0	0.25349206064262975	1	0.09222031214949912	4	0.0010844093591892618	2	9.983994649304987E-4	
319	org.apache.hadoop.chukwa.util.ConstRateAdaptor	4	0.9984195559678931	3	5.851196198024391E-4	2	4.800288325315704E-4	0	3.632930834920605E-4	1	1.5200249628076145E-4	
320	org.apache.hadoop.chukwa.util.ConstRateValidator	2	0.5552366422492803	4	0.36057398033984944	0	0.08043205061286285	3	0.003686832437496994	1	7.049436051036472E-5	
321	org.apache.hadoop.chukwa.util.CopySequenceFile	0	0.9073178985371294	4	0.0799291123402955	3	0.009302629819845365	2	0.003328795730851499	1	1.2156357187841295E-4	
322	org.apache.hadoop.chukwa.util.CreateRecordFile	0	0.5049474058286241	2	0.4237440919868356	4	0.07088037270959421	3	3.3984457953566323E-4	1	8.828489541052858E-5	
323	org.apache.hadoop.chukwa.util.DaemonWatcher	0	0.5435686519057962	3	0.3896328292526179	4	0.06414033179009869	2	0.0020188974324639192	1	6.392896190233596E-4	
324	org.apache.hadoop.chukwa.util.DatabaseWriter	1	0.8631316624797498	3	0.13018246877278464	4	0.006039956545071445	2	3.6766088315967334E-4	0	2.7825131923446994E-4	
325	org.apache.hadoop.chukwa.util.DriverManagerUtil	3	0.4940656322728725	1	0.4834791631145697	2	0.0201794617431377	4	0.001341206080989743	0	9.345367884304783E-4	
326	org.apache.hadoop.chukwa.util.DumpArchive	0	0.6027947695254664	2	0.20375577447740562	4	0.17053426721185258	3	0.02276262450442922	1	1.5256428084618992E-4	
327	org.apache.hadoop.chukwa.util.DumpChunks	4	0.3220509234248253	3	0.25694118725162074	0	0.22326328519040428	2	0.19766311613751608	1	8.148799563366267E-5	
328	org.apache.hadoop.chukwa.util.DumpRecord	2	0.44836548694018663	0	0.35432184625381963	3	0.19599296859020243	4	0.0010218039963747914	1	2.978942194163882E-4	
329	org.apache.hadoop.chukwa.util.ExceptionUtil	3	0.7150154879357302	4	0.2796395092117943	2	0.002577808247676255	0	0.0019509242851323526	1	8.162703196670091E-4	
330	org.apache.hadoop.chukwa.util.Filter	3	0.7213443122840718	2	0.20144229039305328	4	0.0767284583315686	0	3.4189111720087437E-4	1	1.4304787410544527E-4	
331	org.apache.hadoop.chukwa.util.HierarchyDataType	0	0.8966572152099654	3	0.05443792350005263	2	0.027371586357048117	1	0.018110936376610893	4	0.0034223385563230844	
332	org.apache.hadoop.chukwa.util.MaxRateSender	4	0.9964695267233621	3	0.001307068861271372	2	0.001072311914145543	0	8.1154188114229E-4	1	3.3955062007864776E-4	
333	org.apache.hadoop.chukwa.util.NagiosHelper	0	0.7081899870856236	3	0.23735485077391477	2	0.05258091656189927	4	0.0014511739119193877	1	4.2307166664289395E-4	
334	org.apache.hadoop.chukwa.util.PidFile	0	0.8523742341211071	3	0.14354195769776412	1	0.003238103260864483	4	4.40314214164454E-4	2	4.0539070609990825E-4	
335	org.apache.hadoop.chukwa.util.RecordConstants	2	0.830482273667853	0	0.12306377457694438	1	0.04478055273474355	3	8.848955668417068E-4	4	7.885034536173121E-4	
336	org.apache.hadoop.chukwa.util.RegexUtil	3	0.9627485674647118	2	0.013914589632747887	1	0.013712391997585888	4	0.009400514610105699	0	2.2393629484871653E-4	
337	org.apache.hadoop.chukwa.util.RestUtil	3	0.9360656500043001	4	0.039078521993144745	2	0.0237922239522801	0	7.498608763719339E-4	1	3.137431739030187E-4	
338	org.apache.hadoop.chukwa.util.TempFileUtil	0	0.4944800433976033	4	0.4226241331298267	2	0.05606020638212055	1	0.02631560207953859	3	5.200150109109067E-4	
339	org.apache.hadoop.chukwa.util.XssFilter	3	0.8129784770433633	2	0.13051960221232825	1	0.05486276757121609	4	9.660327767983166E-4	0	6.731203962939532E-4	
340	org.apache.hadoop.mapred.ChukwaJobTrackerInstrumentation	2	0.6202200918419571	4	0.18763473161675412	0	0.14459424286530953	3	0.04739004459754688	1	1.6088907843236273E-4	
341	org.apache.hadoop.metrics.spi.AbstractMetricsContext	3	0.5422594282582732	2	0.36017092901110637	1	0.07670889645516411	4	0.020725701469267027	0	1.3504480618920268E-4	
342	org.apache.hadoop.chukwa.ChunkImplTest	4	0.7214877366212948	2	0.27640137157401345	3	0.001122416530307778	0	6.968936751696197E-4	1	2.915815992141544E-4	
343	org.apache.hadoop.chukwa.TestChunkBuilder	4	0.7796831517963727	2	0.21630937273492085	3	0.002130879802025795	0	0.0013230352694211186	1	5.535603972595168E-4	
344	org.apache.hadoop.chukwa.analysis.salsa.fsm.TestFSMBuilder	0	0.41807672816778874	2	0.37704762023410476	4	0.1712824554756102	3	0.03303081987324936	1	5.623762492470021E-4	
345	org.apache.hadoop.chukwa.database.DatabaseSetup	1	0.4011538206017921	0	0.3472849532813677	3	0.23383386025847952	2	0.01696022286578433	4	7.671429925762407E-4	
346	org.apache.hadoop.chukwa.database.TestDatabaseAggregator	1	0.4496221821391563	3	0.34659575954102095	0	0.19069256358061112	4	0.012338436292006351	2	7.51058447205229E-4	
347	org.apache.hadoop.chukwa.database.TestDatabaseDataExpiration	1	0.545142252363854	0	0.3330091487814462	3	0.120886171001575	4	5.010857258654134E-4	2	4.613421272593655E-4	
348	org.apache.hadoop.chukwa.database.TestDatabasePrepareStatement	1	0.5541359617850543	0	0.20581317182869055	3	0.18035278308602673	2	0.05550984224794477	4	0.00418824105228374	
349	org.apache.hadoop.chukwa.database.TestDatabaseTableCreator	1	0.5695174561446325	0	0.24817785638527792	3	0.17804454539960843	2	0.0037859088424419493	4	4.742332280392598E-4	
350	org.apache.hadoop.chukwa.database.TestDatabaseWebJson	1	0.42218030819207214	3	0.40712527051733916	2	0.10911678496410146	0	0.06130720070786866	4	2.704356186184677E-4	
351	org.apache.hadoop.chukwa.database.TestMacro	1	0.6480515739727593	3	0.2866801810577102	0	0.06337402961793892	4	9.862186254438914E-4	2	9.079967261476062E-4	
352	org.apache.hadoop.chukwa.datacollection.TestOffsetStatsManager	4	0.8302341552264608	2	0.16791624917766815	3	9.834784836323942E-4	0	6.106288676280328E-4	1	2.554882446105916E-4	
353	org.apache.hadoop.chukwa.datacollection.adaptor.ChukwaTestAdaptor	4	0.9257347415037857	3	0.07114294637337719	2	0.00150584053259038	0	0.0011396428990462916	1	4.7682869120040913E-4	
354	org.apache.hadoop.chukwa.datacollection.adaptor.JMX.JMXAgent	3	0.6887045010294208	4	0.3071732210101134	2	0.0019881078493308936	0	0.0015046301012568602	1	6.295400098780462E-4	
355	org.apache.hadoop.chukwa.datacollection.adaptor.JMX.MXBean	3	0.8441923602407257	4	0.15012556016294784	2	0.002740374898131099	0	0.0020739571858963543	1	8.677475122990019E-4	
356	org.apache.hadoop.chukwa.datacollection.adaptor.JMX.MXBeanImpl	3	0.5594461987965831	4	0.3553256740258963	1	0.0821151853640269	2	0.0017719233854563605	0	0.0013410184280374358	
357	org.apache.hadoop.chukwa.datacollection.adaptor.JMX.QueueSample	3	0.4500326640421104	1	0.4321709448814054	4	0.11413619139054283	2	0.002083429054422446	0	0.001576770631518887	
358	org.apache.hadoop.chukwa.datacollection.adaptor.JMX.TestJMXAdaptor	4	0.5416643887760261	3	0.289588133780802	0	0.1683232222757808	2	3.2222249659832766E-4	1	1.0203267079283985E-4	
359	org.apache.hadoop.chukwa.datacollection.adaptor.TestAddAdaptor	3	0.42469260379888946	4	0.40484563307936555	0	0.16714802435151221	2	0.003196988633265172	1	1.1675013696769773E-4	
360	org.apache.hadoop.chukwa.datacollection.adaptor.TestBufferingWrappers	4	0.9884371539486493	0	0.010448297160207568	3	5.357958469975594E-4	2	4.3956388780185316E-4	1	1.3918915634377854E-4	
361	org.apache.hadoop.chukwa.datacollection.adaptor.TestDirTailingAdaptor	0	0.5636806103010571	4	0.4358548643800329	3	2.2331073914748096E-4	2	1.8320286959599998E-4	1	5.801171016651247E-5	
362	org.apache.hadoop.chukwa.datacollection.adaptor.TestExecAdaptor	4	0.9674060362525045	3	0.03097122404596246	2	7.826210578177745E-4	0	5.922994579325364E-4	1	2.478191857826959E-4	
363	org.apache.hadoop.chukwa.datacollection.adaptor.TestFileAdaptor	4	0.994451224783823	0	0.004265467258943071	3	6.1692320486686E-4	2	5.061203141570662E-4	1	1.602644382100062E-4	
364	org.apache.hadoop.chukwa.datacollection.adaptor.TestOozieAdaptor	4	0.6108362594079921	3	0.38055566170537464	2	0.007659793486275854	0	6.685590574601678E-4	1	2.7972634289713755E-4	
365	org.apache.hadoop.chukwa.datacollection.adaptor.TestRestAdaptor	3	0.6702607415086422	4	0.3284911629574005	2	6.019362477669736E-4	0	4.555544598511647E-4	1	1.906048263391292E-4	
366	org.apache.hadoop.chukwa.datacollection.adaptor.TestSocketAdaptor	4	0.9795357988892106	3	0.01885114531452802	2	7.779506672552073E-4	0	5.8876483568987E-4	1	2.4634029331623215E-4	
367	org.apache.hadoop.chukwa.datacollection.adaptor.TestSyslogAdaptor	4	0.9964983302673646	3	0.0012964050741499733	2	0.001063563403398324	0	8.049208758402563E-4	1	3.367803792468559E-4	
368	org.apache.hadoop.chukwa.datacollection.adaptor.TestUDPAdaptor	4	0.9772057396209812	3	0.010874474607154985	0	0.010309201457566395	2	0.0012232414325704772	1	3.873428817268777E-4	
369	org.apache.hadoop.chukwa.datacollection.adaptor.filetailer.TestCharFileTailingAdaptorUTF8	4	0.8150594796588373	2	0.14162055267043291	0	0.04227502321983032	3	8.294656834796813E-4	1	2.154787674197452E-4	
370	org.apache.hadoop.chukwa.datacollection.adaptor.filetailer.TestFileExpirationPolicy	4	0.8959937116081578	0	0.10287650149456047	3	5.431211967156528E-4	2	4.4557356335204096E-4	1	1.4109213721400765E-4	
371	org.apache.hadoop.chukwa.datacollection.adaptor.filetailer.TestFileTailer	4	0.9926166421728053	2	0.005839526637467485	3	8.208955302698383E-4	0	5.096832482173015E-4	1	2.1325241124005575E-4	
372	org.apache.hadoop.chukwa.datacollection.adaptor.filetailer.TestFileTailingAdaptorBigRecord	4	0.852519149370758	0	0.07713320220573841	2	0.06957940868624457	3	6.098204533201858E-4	1	1.5841928393895126E-4	
373	org.apache.hadoop.chukwa.datacollection.adaptor.filetailer.TestFileTailingAdaptorPreserveLines	4	0.9835694276611227	2	0.015321992937381939	3	5.894607400680683E-4	0	3.6598842802288106E-4	1	1.5313023340441737E-4	
374	org.apache.hadoop.chukwa.datacollection.adaptor.filetailer.TestFileTailingAdaptors	4	0.8757562070435928	0	0.06575507171682103	2	0.05810269711158224	3	3.0642180730150513E-4	1	7.96023207022481E-5	
375	org.apache.hadoop.chukwa.datacollection.adaptor.filetailer.TestLogRotate	4	0.7148839125127813	2	0.24719286144931732	0	0.037186103921818286	3	5.851196198024391E-4	1	1.5200249628076145E-4	
376	org.apache.hadoop.chukwa.datacollection.adaptor.filetailer.TestRCheckAdaptor	4	0.8164828349907483	0	0.18270215896178008	3	3.9179694940553105E-4	2	3.214280052274942E-4	1	1.0178109283865046E-4	
377	org.apache.hadoop.chukwa.datacollection.adaptor.filetailer.TestRawAdaptor	4	0.9842386821841101	2	0.014387784981766337	3	7.30343428551997E-4	0	4.5346063811089505E-4	1	1.8972876746063734E-4	
378	org.apache.hadoop.chukwa.datacollection.adaptor.filetailer.TestStartAtOffset	4	0.7459361261205093	2	0.2531198808288324	3	5.019458610809487E-4	0	3.1165158960102114E-4	1	1.3039559997639726E-4	
379	org.apache.hadoop.chukwa.datacollection.adaptor.jms.TestJMSAdaptor	1	0.6377514127586803	4	0.35836705378332423	0	0.0030725657907691595	3	4.443914393742828E-4	2	3.6457622785215633E-4	
380	org.apache.hadoop.chukwa.datacollection.adaptor.jms.TestJMSMessagePropertyTransformer	1	0.649817930970519	4	0.34823430045206444	3	0.0016263666836100921	2	1.8294576830729187E-4	0	1.3845612549910535E-4	
381	org.apache.hadoop.chukwa.datacollection.agent.TestAgent	4	0.9979222501301088	3	7.692345880129899E-4	2	6.310757129481575E-4	0	4.776076479922866E-4	1	1.9983192093773328E-4	
382	org.apache.hadoop.chukwa.datacollection.agent.TestAgentConfig	4	0.7673504339686554	0	0.23190605643895967	3	3.5742653818808805E-4	2	2.932307139182234E-4	1	9.285234027859856E-5	
383	org.apache.hadoop.chukwa.datacollection.agent.TestChunkQueue	4	0.9906195940922697	2	0.008562942821065985	3	4.346665610000152E-4	0	2.698787562274921E-4	1	1.1291776943675948E-4	
384	org.apache.hadoop.chukwa.datacollection.agent.TestCmd	4	0.9990146207069872	3	3.648118791781794E-4	2	2.992896059692507E-4	0	2.265069021714273E-4	1	9.47709056939192E-5	
385	org.apache.hadoop.chukwa.datacollection.agent.rest.TestAdaptorController	3	0.6841013629828239	4	0.3154985293693695	2	1.9296543387179116E-4	0	1.460391599999481E-4	1	6.110305393475174E-5	
386	org.apache.hadoop.chukwa.datacollection.collector.CaptureWriter	4	0.9952082322878847	3	0.0017740313765852937	2	0.001455405325263481	0	0.0011014727710360215	1	4.608582392304804E-4	
387	org.apache.hadoop.chukwa.datacollection.collector.TestAdaptorTimeout	4	0.930343020410819	0	0.06840762532556288	3	6.006006835543634E-4	2	4.927294098283839E-4	1	1.5602417023551386E-4	
388	org.apache.hadoop.chukwa.datacollection.collector.TestBackpressure	4	0.9848091697687291	0	0.010627469720568838	3	0.003974682723495766	2	4.471017464607513E-4	1	1.415760407455373E-4	
389	org.apache.hadoop.chukwa.datacollection.collector.TestCollector	4	0.9873854057345649	3	0.011210949221117187	2	6.769552555760683E-4	0	5.12329980029296E-4	1	2.143598087124815E-4	
390	org.apache.hadoop.chukwa.datacollection.collector.TestDelayedAcks	4	0.8681530765890535	0	0.1314909541599055	3	1.7112470155609383E-4	2	1.4038973899562732E-4	1	4.445481048919381E-5	
391	org.apache.hadoop.chukwa.datacollection.collector.TestFailedCollectorAck	4	0.6855515240351182	0	0.30960901585584794	3	0.004483040550141303	2	2.707012405035547E-4	1	8.571831838899579E-5	
392	org.apache.hadoop.chukwa.datacollection.connector.TestFailedCollector	4	0.9970105170569766	3	0.0011067808081099072	2	9.079967261476062E-4	0	6.87185660709589E-4	1	2.875197480562128E-4	
393	org.apache.hadoop.chukwa.datacollection.controller.TestAgentClient	4	0.9484675582791894	2	0.0435919005436019	3	0.007085014184241396	0	6.031626341968563E-4	1	2.5236435877041847E-4	
394	org.apache.hadoop.chukwa.datacollection.sender.TestAcksOnFailure	4	0.9756051571692699	3	0.008244254456465209	2	0.008041228012158423	0	0.007815704494193965	1	2.93655867912532E-4	
395	org.apache.hadoop.chukwa.datacollection.sender.TestRetryListOfCollectors	4	0.7834014163648485	1	0.21422699276624946	3	9.714533725991376E-4	2	7.969748621060968E-4	0	6.031626341968563E-4	
396	org.apache.hadoop.chukwa.datacollection.writer.TestChukwaWriters	0	0.8278585711988383	4	0.1718845112248552	3	1.2350770028991982E-4	2	1.0132501999992271E-4	1	3.208485601679645E-5	
397	org.apache.hadoop.chukwa.datacollection.writer.TestClientAck	4	0.8970282776356667	0	0.07752100240897958	3	0.023576309550967463	2	0.0014236177814054205	1	4.507926229807698E-4	
398	org.apache.hadoop.chukwa.datacollection.writer.TestHBaseWriter	4	0.5028676444261183	1	0.3384164869935162	0	0.13095272710572614	2	0.0272309346983523	3	5.322067762871744E-4	
399	org.apache.hadoop.chukwa.datacollection.writer.TestSocketTee	4	0.9953380998232989	2	0.0036871151175675615	3	5.183187795019992E-4	0	3.2181731950930173E-4	1	1.3464896012221027E-4	
400	org.apache.hadoop.chukwa.datacollection.writer.solr.TestSolrWriter	3	0.5447634243681722	4	0.3542698947138899	1	0.09992836755806205	2	5.91020274076669E-4	0	4.4729308579920463E-4	
401	org.apache.hadoop.chukwa.datacollection.writer.test.demux.TextParser	2	0.9065772233612408	4	0.09148941897643952	3	0.00102801697100806	0	6.382822292060312E-4	1	2.6705846210553085E-4	
402	org.apache.hadoop.chukwa.dataloader.TestDatabaseMetricDataLoader	0	0.4351235999253414	1	0.4012645392427107	3	0.14746848827729928	2	0.01570979982229152	4	4.3357273235713676E-4	
403	org.apache.hadoop.chukwa.dataloader.TestSocketDataLoader	4	0.8567472146118444	3	0.1415264031327649	2	8.326061817772063E-4	0	6.301289560403622E-4	1	2.6364711757309985E-4	
404	org.apache.hadoop.chukwa.extraction.archive.TestArchive	0	0.9120046705798145	2	0.04933527121306094	4	0.03821379456000037	3	3.5423929066806E-4	1	9.202435645629483E-5	
405	org.apache.hadoop.chukwa.extraction.demux.MockTriggerAction	3	0.7827764977147976	0	0.20390075849663902	4	0.011581444544328664	2	0.0013225196365959006	1	4.187796076388419E-4	
406	org.apache.hadoop.chukwa.extraction.demux.TestDemux	0	0.711731018863425	4	0.19757204781782745	2	0.0852043191085176	3	0.005389562666646994	1	1.0305154358296643E-4	
407	org.apache.hadoop.chukwa.extraction.demux.TestDemuxManager	0	0.999688065570692	3	1.0498445178035656E-4	4	9.354844334951832E-5	2	8.6128651503956E-5	1	2.727288267426323E-5	
408	org.apache.hadoop.chukwa.extraction.demux.TestDemuxMapperConfigs	2	0.827057131373082	4	0.17201065447897276	3	4.956827096088384E-4	0	3.0776288114949283E-4	1	1.2876855718698145E-4	
409	org.apache.hadoop.chukwa.extraction.demux.TestDemuxReducerConfigs	2	0.9164631833722969	0	0.08236864455853932	3	5.431211967156528E-4	4	4.8395873523419643E-4	1	1.4109213721400765E-4	
410	org.apache.hadoop.chukwa.extraction.demux.TestPostDemuxTrigger	3	0.5529753906211627	0	0.3557750442292765	4	0.09051470764964012	2	5.581254784107313E-4	1	1.7673202150986607E-4	
411	org.apache.hadoop.chukwa.extraction.demux.processor.mapper.ChukwaTestOutputCollector	2	0.591791491943224	3	0.40443315038235067	4	0.001898762007744666	0	0.0013230352694211186	1	5.535603972595168E-4	
412	org.apache.hadoop.chukwa.extraction.demux.processor.mapper.MockMapProcessor	2	0.995486017885092	3	0.0016285754431166258	4	0.0014511739119193877	0	0.001011161093229199	1	4.2307166664289395E-4	
413	org.apache.hadoop.chukwa.extraction.demux.processor.mapper.TestAbtractProcessor	2	0.8372171592262637	3	0.06619712165664604	4	0.06609443952593805	0	0.030246400644054528	1	2.4487894709755915E-4	
414	org.apache.hadoop.chukwa.extraction.demux.processor.mapper.TestHadoopLogProcessor	2	0.7958156906709767	4	0.20246258747595167	3	9.154846611202915E-4	0	5.684123966657806E-4	1	2.378247952854771E-4	
415	org.apache.hadoop.chukwa.extraction.demux.processor.mapper.TestJobLogEntry	2	0.8554310806951716	0	0.10117263562209498	3	0.04291066017436631	4	3.760041770501303E-4	1	1.0961933131700692E-4	
416	org.apache.hadoop.chukwa.extraction.demux.processor.mapper.TestJsonProcessors	2	0.8670640585130124	3	0.07986348680003715	4	0.052921750797835315	0	1.062490786259442E-4	1	4.445481048919381E-5	
417	org.apache.hadoop.chukwa.extraction.demux.processor.mapper.TestLog4JMetricsContextChukwaRecord	4	0.6957766495258566	2	0.29836748788425804	3	0.005499393815378878	0	2.5131719607641984E-4	1	1.0515157843001505E-4	
418	org.apache.hadoop.chukwa.extraction.demux.processor.mapper.TestPsOutput	2	0.5751973885326394	0	0.269669590047996	3	0.15380373033744724	4	0.0010292314739807587	1	3.0005960793660577E-4	
419	org.apache.hadoop.chukwa.extraction.demux.processor.mapper.TestTsProcessor	2	0.7798620309030585	0	0.11813879483630747	4	0.10163022546945943	3	2.928675882982413E-4	1	7.608120287624207E-5	
420	org.apache.hadoop.chukwa.extraction.demux.processor.reducer.MockReduceProcessor	2	0.9957881851863458	3	0.0015195581200506492	4	0.0013540318999546992	0	9.434736698198437E-4	1	3.9475112382898227E-4	
421	org.apache.hadoop.chukwa.hicc.AreaCalculatorTest	1	0.8325089165317934	4	0.12353344234263437	3	0.04208915684633363	2	0.001063563403398324	0	8.049208758402563E-4	
422	org.apache.hadoop.chukwa.hicc.TestChart	1	0.7491736674534943	3	0.24858793177404967	4	8.55176132063314E-4	2	7.873478640129768E-4	0	5.958767763795726E-4	
423	org.apache.hadoop.chukwa.inputtools.TestInputFormat	0	0.4884776788179668	2	0.2644182365980855	4	0.18129749476331755	3	0.06565733530966153	1	1.492545109686782E-4	
424	org.apache.hadoop.chukwa.inputtools.hdfsusage.HDFSUsagePluginTest	3	0.8416912662577111	2	0.15632010732724155	4	0.0010001511406635404	0	6.968936751696197E-4	1	2.915815992141544E-4	
425	org.apache.hadoop.chukwa.inputtools.log4j.TestChukwaDailyRollingFileAppender	0	0.466826853376764	3	0.42743742493449793	4	0.10488420324078562	2	6.467296600910427E-4	1	2.0478878786136577E-4	
426	org.apache.hadoop.chukwa.inputtools.log4j.TestTaskLogAppender	3	0.4703198167867568	0	0.40670114792978146	4	0.12207361495998473	2	6.876682231017648E-4	1	2.1775210037524011E-4	
427	org.apache.hadoop.chukwa.rest.resource.SetupTestEnv	3	0.7932058618074298	0	0.1367738510014057	4	0.06895795875124919	2	8.068401953046412E-4	1	2.554882446105916E-4	
428	org.apache.hadoop.chukwa.rest.resource.TestClientTrace	3	0.5486940334353488	4	0.44158599688637523	2	0.009120839850038419	0	4.223978067275381E-4	1	1.7673202150986607E-4	
429	org.apache.hadoop.chukwa.rest.resource.TestUserResource	3	0.9974024647208395	4	8.929273014276499E-4	2	8.221048005650852E-4	0	6.221813518488448E-4	1	2.6032182531884066E-4	
430	org.apache.hadoop.chukwa.rest.resource.TestViewResource	3	0.998431305987858	4	5.392533923467529E-4	2	4.964825264727259E-4	0	3.757454880178322E-4	1	1.572126053046414E-4	
431	org.apache.hadoop.chukwa.rest.resource.TestWidgetResource	3	0.9863678439631347	0	0.010607814637876228	4	0.0013671053914225142	2	0.001258673470247705	1	3.9856253731891645E-4	
432	org.apache.hadoop.chukwa.tools.backfilling.TestBackfillingLoader	0	0.8069643009216252	4	0.19265470117901157	3	1.8315669578583565E-4	2	1.5026071912970602E-4	1	4.758048444757857E-5	
433	org.apache.hadoop.chukwa.util.DriverManagerUtilTest	1	0.6296971186786029	3	0.35979348094243313	4	0.009494102262740575	2	5.779197245344027E-4	0	4.373783916889558E-4	
434	org.apache.hadoop.chukwa.util.TestCRValidator	4	0.7610188641621061	0	0.19277410478429347	2	0.04531165096097788	3	7.107431020491671E-4	1	1.8463699057345303E-4	
435	org.apache.hadoop.chukwa.util.TestCopySequenceFile	0	0.7665577387895482	4	0.2297212004575226	2	0.003161225213195669	3	4.443914393742828E-4	1	1.1544410035934001E-4	
436	org.apache.hadoop.chukwa.util.TestCreateRecordFile	2	0.5349851927057611	0	0.461051757167613	3	0.00342292193678476	4	4.1820556876608013E-4	1	1.2192262107522875E-4	
437	org.apache.hadoop.chukwa.util.TestDumpChunks	0	0.5421043911220295	4	0.38899840710199407	3	0.0682854444103425	2	4.6463072419164524E-4	1	1.4712664144236214E-4	
438	org.apache.hadoop.chukwa.util.TestFilter	3	0.523366186488219	4	0.4513651700718844	0	0.024445703437675957	2	6.250242836091902E-4	1	1.9791571861143E-4	
439	org.apache.hadoop.chukwa.util.TestRecordConsts	4	0.41208501700694616	3	0.319685687007777	2	0.2663775326056693	0	0.0013055280395998748	1	5.462353400076405E-4	
440	org.apache.hadoop.chukwa.util.TestXSSFilter	3	0.9623289908505872	1	0.02253794335098207	4	0.012604418414985769	2	0.0014393360688198964	0	0.001089311314625108	
441	org.apache.hadoop.chukwa.validationframework.ChukwaAgentToCollectorValidator	0	0.5893701592735271	4	0.40828968772729896	3	0.0020382710667588137	2	2.2927982359980057E-4	1	7.260210881539132E-5	
442	org.apache.hadoop.chukwa.validationframework.DemuxDirectoryValidator	0	0.9986455123340501	3	4.558655015044014E-4	4	4.0620784620283714E-4	2	3.7398948364175916E-4	1	1.1842483460107925E-4	
443	org.apache.hadoop.chukwa.validationframework.interceptor.ChunkDumper	0	0.42470432999339514	4	0.31056973414989775	2	0.24991696317647466	3	0.0145311291188306	1	2.778435614017074E-4	
444	org.apache.hadoop.chukwa.validationframework.interceptor.ChunkQueueInterceptor	4	0.9859290020637215	3	0.01140978963774046	2	0.0012834576313796627	0	9.713401546659562E-4	1	4.064105124924377E-4	
445	org.apache.hadoop.chukwa.validationframework.interceptor.SetupTestClasses	4	0.715967932688178	2	0.14632127513434517	3	0.13626170779745064	0	0.0010216317649997654	1	4.274526150263975E-4	
446	org.apache.hadoop.chukwa.validationframework.util.DataOperations	0	0.6178069400127034	2	0.23447476981888474	4	0.1472587073835398	3	3.648118791781794E-4	1	9.47709056939192E-5	
447	org.apache.hadoop.chukwa.validationframework.util.MD5	3	0.9897369697030018	4	0.008298216164116017	2	9.475980119539655E-4	0	7.171565129914599E-4	1	3.0005960793660577E-4	
